37 151 83 66 82 111 185 118 179 16
0 143 177 71 107 92 184 86 47 107
92 199 113 188 107 93 151 10 123 114
155 194 120 174 196 62 35 137 102 109
53 66 115 146 169 44 126 166 187 100
166 101 58 90 34 187 109 98 109 101
53 122 113 83 79 130 19 103 98 152
77 147 92 190 121 89 194 158 114 49
156 30 152 83 150 2 56 70 185 49
120 172 9 62 196 6 112 55 99 110
185 90 165 136 123 50 172 129 150 116
192 64 125 186 14 46 120 156 171 165
141 33 12 18 77 190 139 59 186 70
74 62 163 23 6 8 14 14 109 174
45 94 17 125 91 63 33 96 1 197
146 189 190 46 58 96 175 19 166 110
112 30 189 63 67 89 132 8 104 65
52 163 194 21 9 170 138 15 33 171
7 54 115 176 59 145 81 185 73 40
37 138 43 41 7 52 19 17 58 155
114 151 49 50 116 76 128 96 124 194
122 123 133 6 197 50 141 11 81 65
81 98 44 86 46 170 49 82 195 146
92 146 40 111 155 52 108 53 41 60
111 147 54 155 164 111 26 89 36 15
0 20 97 123 56 44 144 13 95 115
66 198 145 70 155 44 41 112 137 60
84 86 196 63 162 28 109 190 107 43
14 195 48 1 63 173 143 158 180 56
44 84 93 85 114 134 98 51 118 94
124 176 28 184 70 44 15 72 79 46
44 55 199 131 50 193 156 42 108 93
189 83 122 93 105 12 131 74 54 191
154 58 97 173 183 178 23 73 43 41
10 68 155 45 49 81 110 190 157 24
122 79 121 83 146 186 74 76 182 83
52 79 80 148 59 175 19 117 178 181
142 153 27 188 4 164 102 22 198 92
111 57 177 147 58 2 87 69 0 176
122 146 122 36 120 119 56 150 139 112
38 154 148 193 89 93 6 64 100 150
58 92 93 166 102 177 103 90 159 154
128 36 40 191 6 179 199 94 128 118
156 147 74 46 15 115 135 14 75 156
192 136 180 110 166 58 133 101 46 0
44 115 26 100 27 84 169 46 190 84
72 25 2 10 184 105 91 69 153 34
64 0 33 139 8 173 106 176 18 62
140 168 140 78 29 53 150 57 23 30
116 163 3 199 157 92 160 106 106 34
60 9 53 64 37 150 117 152 9 7
21 166 199 30 152 62 67 86 166 78
126 89 102 67 117 113 161 6 9 41
79 22 33 91 43 188 103 171 137 175
190 54 147 110 15 166 97 134 34 147
64 183 151 195 50 6 49 50 129 55
8 49 9 7 75 192 189 50 100 132
93 65 5 36 114 166 37 78 100 194
140 198 157 114 147 158 27 101 53 131
127 20 41 85 38 79 183 18 25 19
43 107 54 126 30 130 98 50 32 43
172 79 21 121 52 188 148 114 88 139
14 64 40 140 175 134 4 140 198 186
65 113 40 146 146 4 159 17 120 118
60 199 127 116 136 178 190 12 109 138
68 178 7 68 183 67 90 114 51 136
40 15 42 177 53 142 131 188 180 10
192 140 128 3 113 136 155 64 60 3
170 44 76 117 9 168 79 117 150 174
168 195 46 191 95 92 185 194 161 128
180 72 165 159 183 20 104 129 126 4
20 143 146 153 75 182 177 92 68 19
147 148 170 38 153 37 198 125 198 25
193 39 13 25 5 82 153 71 39 188
4 4 14 135 40 187 171 39 114 154
137 181 48 66 25 126 185 101 102 127
136 159 132 92 92 73 102 85 198 123
136 86 125 127 0 191 14 108 191 60
153 106 36 66 148 167 99 52 100 79
1 20 115 66 152 91 149 86 150 42
198 2 133 140 105 67 19 76 112 88
135 162 174 54 46 44 101 105 44 120
95 85 123 69 194 99 184 30 124 38
196 108 76 160 136 1 65 50 27 94
16 146 164 141 102 134 162 176 42 126
61 145 175 192 142 25 36 156 22 159
180 170 124 150 183 104 102 41 0 135
169 71 118 175 126 89 115 117 61 127
167 104 45 5 159 132 172 84 136 27
22 64 153 92 198 136 110 12 11 18
0 59 162 112 182 155 36 101 14 144
152 59 56 173 177 36 143 22 3 139
2 131 166 185 86 43 152 153 2 168
67 150 186 180 126 192 107 86 74 14
36 22 40 63 188 151 110 68 25 19
196 43 115 157 70 19 166 179 135 76
101 142 156 167 52 165 105 119 27 127
164 47 162 112 169 192 161 73 62 116
35 52 56 120 4 55 131 197 123 20
157 127 24 90 85 52 71 3 193 75
110 172 93 117 177 134 95 27 19 159
45 116 16 91 111 46 183 184 92 109
140 136 53 99 195 119 33 153 126 61
97 69 90 175 120 55 178 53 74 105
39 170 143 50 110 178 50 127 109 195
29 9 189 99 88 168 190 157 48 145
182 14 82 123 127 161 161 122 166 114
110 9 178 150 155 76 151 75 121 148
33 65 177 111 137 88 125 38 50 108
175 15 133 192 54 130 16 80 21 102
84 182 188 66 149 26 5 119 134 4
79 35 7 130 121 186 104 198 169 114
6 168 123 99 8 187 88 161 52 99
64 51 157 61 105 44 28 38 174 75
25 138 34 50 128 154 49 127 17 198
31 79 199 38 179 69 195 97 77 33
150 66 79 19 19 123 19 197 33 118
17 35 48 91 101 29 4 99 80 103
168 196 38 5 68 185 132 47 153 16
93 92 16 101 195 136 24 156 118 50
108 115 41 168 36 81 162 163 42 60
107 17 186 57 179 107 120 123 125 191
144 181 146 55 67 13 5 33 132 85
22 182 79 16 47 54 190 25 5 171
38 64 75 88 176 136 59 181 182 33
24 187 171 33 53 57 144 109 187 159
89 134 134 9 62 88 174 128 87 61
174 119 110 60 22 162 113 62 188 15
14 10 113 162 19 192 75 133 58 172
91 180 20 3 38 55 58 135 177 121
5 156 106 5 43 57 124 175 165 23
158 91 196 120 97 55 58 102 182 166
14 132 193 40 73 19 31 0 145 147
65 1 106 169 10 64 55 179 165 167
181 162 89 155 60 125 28 56 135 63
118 2 92 131 145 155 33 34 74 131
174 29 87 165 50 97 84 23 182 76
141 114 163 3 98 123 74 39 4 70
181 56 128 172 183 127 10 102 136 29
31 161 146 138 138 46 181 101 40 21
43 114 186 17 120 127 48 100 107 102
7 181 165 99 118 97 165 117 66 107
159 20 38 32 81 178 35 18 90 67
178 69 136 95 65 8 182 173 141 17
157 159 99 146 153 34 77 22 123 157
43 60 185 71 87 11 177 115 158 5
47 123 124 113 62 1 110 41 52 196
132 68 149 128 137 97 176 7 40 192
58 155 51 82 90 144 51 125 49 127
173 186 161 173 162 169 17 178 61 112
110 133 3 92 178 21 184 122 35 2
102 1 68 28 195 132 28 4 156 41
122 176 78 182 33 184 80 14 153 94
153 149 43 120 146 120 143 134 187 120
181 198 86 36 30 56 73 120 103 9
27 177 38 104 52 175 101 38 112 86
95 73 48 7 142 36 113 138 169 0
1 179 46 157 149 94 173 89 4 194
37 135 170 155 169 55 129 74 78 71
113 67 149 126 80 180 188 79 75 176
16 33 5 164 131 77 192 105 177 118
74 54 61 91 32 69 174 186 178 116
165 6 137 19 144 12 171 159 189 84
192 171 29 12 123 186 74 52 19 147
31 152 39 184 48 64 59 156 17 9
162 140 109 122 84 27 194 53 93 22
178 111 106 188 106 162 199 145 138 66
3 187 50 58 174 125 80 142 29 17
167 162 152 177 70 143 12 63 172 14
7 138 69 196 194 57 155 31 35 114
84 174 121 39 64 91 181 164 90 125
80 43 116 193 65 14 97 131 87 47
170 175 75 31 73 124 169 83 13 75
158 51 130 16 114 4 144 179 134 131
155 122 198 41 189 90 177 6 163 0
70 6 53 16 122 194 100 59 78 187
136 161 61 177 128 109 61 55 120 80
18 179 53 68 24 32 32 10 143 196
11 53 122 55 68 152 71 100 25 138
108 142 96 63 146 163 3 195 39 168
109 168 142 60 98 78 6 28 171 190
49 134 180 171 82 178 154 26 59 94
104 156 106 89 162 142 197 96 40 38
61 193 134 182 114 79 162 36 58 154
69 135 148 0 26 76 123 143 107 88
83 12 84 147 98 31 156 78 122 70
84 37 18 29 49 56 129 9 43 36
108 51 157 56 126 98 112 96 164 25
194 170 145 79 143 50 187 175 163 186
166 108 80 176 148 70 116 43 195 73
55 90 156 14 141 100 151 18 96 29
133 152 13 51 101 64 164 40 138 193
125 60 18 106 187 125 136 45 182 153
107 100 12 74 123 116 74 55 154 159
54 82 156 99 48 128 52 43 35 69
194 182 88 74 73 146 188 67 50 136
39 14 69 47 28 188 166 77 24 24
167 172 50 2 153 32 120 183 180 103
153 0 32 44 164 125 85 80 145 151
116 166 37 156 146 38 37 44 52 106
194 81 71 40 172 66 94 15 171 168
68 181 33 145 98 116 173 31 93 82
105 114 197 152 104 81 155 41 192 35
113 17 75 148 52 20 100 95 167 14
45 117 59 104 157 124 171 107 53 95
183 91 75 9 14 74 159 138 30 39
167 5 109 60 50 77 68 133 51 156
139 58 91 123 117 40 93 146 121 109
154 138 187 31 1 123 86 109 68 146
9 28 99 148 86 185 138 194 69 125
42 116 8 126 50 118 21 194 165 63
17 3 47 145 135 30 124 121 5 90
50 148 131 178 32 198 30 88 75 175
190 109 52 79 139 77 80 180 137 48
150 159 174 87 145 81 118 162 13 44
34 100 196 120 28 176 172 38 38 15
143 168 103 43 1 124 104 65 84 148
72 68 25 181 65 110 53 50 78 36
5 90 112 70 53 45 98 32 158 98
9 53 83 45 93 114 20 192 0 122
19 16 111 179 179 67 78 142 190 180
39 104 125 90 135 199 86 119 191 129
193 118 28 117 149 134 122 193 130 55
185 36 15 11 44 2 83 63 48 99
167 102 132 189 140 79 28 171 163 49
57 121 115 182 172 86 186 170 45 128
171 111 28 99 80 184 32 48 18 48
2 70 118 129 74 38 167 77 91 167
23 15 172 29 74 185 178 167 99 106
15 80 191 47 128 59 74 182 18 40
81 46 199 188 98 58 57 181 122 82
48 128 44 138 43 25 126 20 162 170
76 76 62 43 42 155 32 58 98 150
54 26 174 130 14 198 43 17 30 168
191 186 161 120 157 41 123 118 196 154
23 176 182 158 66 176 76 181 91 82
68 3 20 88 197 49 190 25 76 113
97 127 183 179 181 91 104 113 22 111
56 54 83 114 61 153 13 64 32 168
132 58 177 47 27 10 29 181 99 148
9 76 188 8 66 42 92 95 64 138
172 188 13 160 77 66 7 62 95 93
25 160 61 13 153 103 62 35 195 123
46 129 22 139 172 14 170 90 181 155
174 76 55 162 29 167 81 179 89 26
54 10 47 85 179 134 76 142 171 106
116 199 75 119 167 132 60 165 41 192
29 155 139 91 139 2 42 93 109 63
116 135 150 42 153 74 121 31 13 80
44 140 114 43 81 7 105 150 0 127
50 154 62 14 146 133 125 152 190 52
175 120 62 29 100 148 155 191 52 131
65 17 187 95 98 142 48 72 85 107
111 112 9 126 29 48 28 78 62 163
5 35 94 145 67 127 1 189 197 8
195 119 28 189 114 136 183 100 95 125
150 160 153 49 121 103 85 92 29 199
182 146 34 20 151 165 95 99 83 178
56 78 52 145 28 66 116 126 52 15
72 72 96 143 176 114 97 69 189 152
26 94 143 102 157 172 37 172 102 49
12 133 194 181 90 28 132 199 52 151
58 65 151 36 51 168 21 99 147 174
85 180 178 146 25 27 102 20 51 126
176 114 143 160 119 31 64 71 152 146
169 113 87 24 58 178 74 193 50 104
34 6 89 139 26 133 165 4 3 68
80 190 79 159 164 111 123 140 68 100
51 42 38 140 98 72 137 18 191 39
145 148 14 8 88 0 100 116 135 78
58 121 0 10 190 173 148 168 174 134
46 157 171 38 84 155 97 6 9 11
62 40 27 61 3 117 91 82 53 95
123 129 137 169 103 54 196 189 149 1
92 19 157 30 38 105 101 107 43 173
13 113 105 137 170 81 77 54 149 103
90 157 21 183 41 185 58 89 135 195
106 100 50 196 167 67 9 194 13 90
86 33 50 142 23 195 100 21 89 43
7 119 104 19 127 185 12 111 95 4
36 168 10 13 80 151 0 173 82 189
68 33 112 27 109 47 127 21 175 76
116 137 51 147 80 65 7 14 42 8
29 106 76 4 93 53 120 172 82 75
146 45 98 55 25 91 118 171 48 27
6 91 92 59 138 111 14 184 22 52
69 74 119 126 32 99 181 188 70 197
30 166 114 60 114 184 107 27 0 87
73 134 136 80 101 189 99 64 93 139
106 104 102 147 79 59 30 7 92 5
118 23 197 102 81 158 98 95 170 143
193 107 41 118 20 153 178 2 103 120
81 193 182 63 148 112 149 190 101 5
88 184 147 94 69 155 172 27 140 197
191 175 182 180 76 186 50 8 69 183
37 131 153 102 82 39 105 131 11 110
117 13 110 88 126 15 162 155 173 44
113 135 127 175 87 20 139 54 133 7
148 156 104 44 103 133 97 8 77 133
56 128 107 62 131 79 176 89 59 90
141 91 196 134 165 154 122 9 103 56
134 81 83 94 93 114 114 161 60 10
22 58 5 68 131 24 27 132 101 96
2 161 41 29 135 53 95 132 54 17
180 132 21 166 194 61 120 59 37 140
171 130 173 185 24 186 188 125 75 8
164 120 116 119 141 127 155 158 0 177
74 126 0 134 122 147 96 167 127 53
167 25 108 44 186 23 96 9 132 132
16 163 101 130 113 19 138 171 142 36
20 183 26 57 132 176 114 73 59 37
4 151 48 116 96 28 93 129 73 110
188 56 64 67 81 117 115 178 10 84
93 65 181 123 30 176 115 92 56 128
76 52 124 135 66 9 106 116 109 127
147 148 195 74 76 130 126 98 113 141
126 119 162 157 17 97 183 13 124 48
139 78 130 42 17 175 33 46 114 197
101 172 93 178 197 84 106 80 71 75
129 133 129 115 10 168 52 119 62 154
139 6 132 153 139 73 49 106 25 130
164 49 29 76 128 164 125 145 67 80
173 136 190 168 37 184 162 57 105 109
9 196 74 89 139 7 190 121 111 181
140 74 2 171 172 170 159 23 65 13
155 140 173 157 131 166 60 54 87 91
54 159 104 33 37 64 51 194 60 134
172 142 121 42 27 134 49 147 28 0
183 60 81 144 136 45 167 51 128 66
103 124 176 148 97 96 150 122 70 130
133 97 183 44 140 8 31 56 32 8
144 166 62 61 169 126 82 59 51 87
173 98 148 142 157 105 24 156 1 67
130 139 66 118 84 105 111 76 42 88
35 167 107 87 9 136 186 154 193 30
33 189 76 191 30 110 52 86 163 185
125 27 72 146 54 68 83 63 43 93
98 52 56 119 16 189 192 23 107 43
191 127 144 35 33 118 9 53 140 22
92 6 15 162 188 177 109 157 118 107
113 144 95 79 176 161 128 14 164 122
112 74 87 59 113 84 10 63 106 122
120 91 193 108 156 160 187 140 155 21
93 115 151 120 168 181 180 187 187 142
180 131 150 70 107 111 136 91 101 104
175 53 151 34 198 188 15 14 125 112
57 48 29 77 1 121 4 111 113 133
156 28 131 34 142 36 190 7 184 55
76 179 97 69 145 10 35 135 74 34
8 90 134 177 118 198 164 160 119 131
90 109 115 196 9 114 55 65 34 152
128 142 180 137 174 139 179 94 104 22
6 52 132 66 79 113 151 160 177 180
182 146 17 66 129 45 143 157 188 121
37 100 110 104 5 56 82 37 55 165
51 45 41 0 79 141 79 188 32 136
90 94 152 187 37 197 57 65 185 58
199 50 63 142 85 53 188 162 78 31
38 57 127 30 138 179 44 195 189 111
141 181 123 58 192 64 83 173 34 107
175 67 139 35 146 106 184 33 56 38
150 99 0 174 87 52 169 134 131 66
169 161 193 180 49 177 0 71 157 52
60 48 43 176 165 65 109 192 160 43
153 32 27 2 130 20 139 4 153 158
15 115 60 189 57 14 92 145 84 18
55 193 187 59 66 21 175 11 6 4
144 88 70 113 69 110 169 28 126 198
71 53 99 40 197 24 146 177 147 131
145 7 129 147 79 22 12 184 194 78
197 45 38 11 0 57 14 155 152 33
4 190 178 28 58 135 149 119 74 147
16 98 183 8 91 75 12 115 164 120
11 68 106 162 134 6 170 113 169 39
83 73 136 138 12 158 22 198 48 70
50 193 32 34 199 101 101 22 48 85
6 152 51 80 23 92 174 175 9 147
5 133 71 16 33 118 55 159 137 104
140 197 67 95 43 92 162 178 50 133
122 53 83 92 168 147 165 51 163 161
73 10 191 187 57 43 167 63 35 187
24 188 45 193 46 126 122 190 169 134
138 69 136 130 136 2 36 199 84 133
159 136 177 180 1 69 88 88 65 99
37 156 98 63 27 114 75 29 180 119
12 182 127 122 155 143 109 196 57 120
19 134 175 19 180 64 104 67 94 14
35 170 182 163 178 164 93 185 190 57
58 85 126 24 160 25 134 172 170 185
77 145 155 91 95 5 162 17 94 126
41 130 188 130 144 28 195 33 122 193
174 82 63 18 178 63 168 69 51 25
94 99 188 37 95 92 32 57 148 143
155 11 79 140 49 154 32 190 129 78
183 32 103 108 45 44 164 156 192 66
67 145 74 15 43 192 108 14 130 167
15 177 28 178 123 182 167 35 50 85
81 188 173 116 40 62 51 13 195 87
17 3 124 159 173 57 112 21 64 103
0 8 86 48 130 37 100 118 71 43
77 85 81 4 198 80 51 162 181 48
53 122 191 61 143 75 198 197 5 193
94 22 43 103 159 35 85 24 6 20
56 86 116 42 121 31 3 101 184 15
186 48 119 25 140 129 75 122 84 92
116 48 65 174 139 10 52 39 166 171
22 94 45 131 69 29 46 116 144 14
62 45 176 162 117 30 116 174 164 43
154 10 113 197 140 37 55 131 77 153
119 86 94 102 199 16 15 133 96 107
145 163 150 110 146 166 142 115 63 32
183 193 146 39 150 193 82 9 66 198
63 61 58 158 152 28 29 63 12 187
22 159 38 196 192 43 91 68 124 179
155 124 95 21 81 137 183 111 74 142
22 72 124 106 127 194 57 128 134 4
166 148 191 41 88 121 128 122 38 183
104 149 118 149 152 69 11 63 5 114
5 41 192 147 193 157 151 180 63 37
76 46 57 51 113 93 165 26 55 174
183 22 173 40 58 80 141 83 34 90
137 54 132 79 89 39 5 128 54 122
196 23 73 120 121 122 119 134 160 79
40 90 1 150 49 191 193 90 2 75
112 125 194 118 127 124 133 77 54 6
4 25 40 39 92 44 110 113 144 138
57 165 156 141 41 100 21 55 138 127
78 135 185 125 136 18 43 23 8 122
92 34 147 153 89 63 94 69 162 32
175 0 65 70 73 57 123 32 52 142
5 130 160 183 31 34 173 30 127 43
57 110 107 89 79 80 181 56 28 189
78 57 75 86 19 144 66 155 198 77
99 85 120 79 20 148 38 124 199 72
28 172 76 177 78 55 132 93 120 63
43 48 148 107 144 187 40 122 29 94
90 51 63 45 56 106 1 197 173 75
103 79 196 71 122 123 160 50 13 186
83 120 181 76 132 25 59 72 182 9
101 83 67 6 90 139 182 140 182 89
44 81 126 165 95 33 132 5 15 192
188 67 130 185 118 45 26 34 65 18
171 107 61 139 85 7 46 13 193 133
53 53 2 121 49 159 62 97 28 32
62 119 77 48 46 5 61 175 150 135
23 153 161 68 30 21 192 185 1 123
124 52 187 89 34 18 26 124 199 127
143 3 166 143 152 14 105 163 132 33
47 110 190 184 56 185 55 19 174 62
193 98 10 194 114 37 196 81 131 35
47 92 143 108 30 101 128 122 199 119
123 1 30 52 182 35 165 78 54 17
146 123 104 94 189 59 102 47 92 63
147 152 51 184 148 111 168 197 41 193
113 49 156 156 6 95 9 186 35 93
18 112 6 2 151 71 175 100 87 21
112 194 173 111 34 67 90 9 23 65
24 37 48 14 190 35 19 15 80 100
26 63 112 8 16 11 101 90 192 27
153 7 142 61 176 70 162 118 41 114
39 105 67 24 12 112 106 103 60 80
35 140 27 66 179 94 151 163 10 56
27 35 27 19 41 64 55 134 95 88
168 33 6 154 80 125 54 44 154 42
73 91 28 2 13 59 57 16 147 28
34 148 167 128 16 60 44 171 63 73
96 81 170 53 131 8 172 3 94 144
132 114 65 23 98 71 52 105 193 147
81 20 4 176 103 102 43 20 135 92
169 83 199 118 33 111 54 103 188 17
141 131 63 68 188 170 96 196 132 81
17 194 93 109 137 175 86 138 185 29
57 196 61 68 50 69 69 59 197 164
178 74 168 32 54 32 16 30 95 106
36 22 152 87 95 65 77 156 178 122
54 99 180 124 75 0 97 1 13 41
123 107 16 13 79 70 47 92 90 11
52 77 42 40 172 119 170 164 13 92
183 54 59 128 174 110 57 25 99 96
104 65 174 11 55 138 146 145 194 182
153 115 142 94 153 12 99 189 192 37
166 168 65 2 134 63 129 61 56 72
45 15 79 36 61 132 68 70 196 29
39 4 151 113 66 107 142 34 65 64
114 43 152 125 126 168 10 8 126 3
104 74 86 23 70 81 153 80 175 149
27 173 23 75 198 142 172 9 167 187
168 85 116 52 79 13 92 119 33 23
38 21 49 11 12 1 78 178 95 42
33 62 188 44 128 58 141 17 53 63
28 68 128 89 14 6 10 129 187 156
63 20 11 51 12 87 159 100 7 82
112 59 89 126 183 177 29 164 160 7
51 90 176 141 31 38 187 43 107 26
162 93 95 170 34 62 92 105 168 176
178 71 66 81 18 122 118 161 197 52
42 136 90 150 74 199 184 1 138 33
183 91 154 179 66 72 56 125 117 181
166 108 3 46 1 69 165 7 44 30
44 169 46 106 103 95 119 163 118 88
151 175 183 164 53 64 21 149 112 116
132 183 62 85 185 122 20 22 119 153
38 122 130 129 162 8 21 124 127 92
67 118 151 108 150 63 179 76 136 162
183 144 155 62 110 188 65 142 104 79
90 98 59 180 60 147 116 106 104 17
14 153 78 66 158 87 114 147 18 3
45 126 1 150 13 125 151 36 171 115
1 101 90 173 27 20 85 99 44 109
11 162 104 150 134 186 152 72 79 29
97 42 33 89 152 171 126 132 165 0
173 170 6 44 112 54 22 127 110 138
100 0 1 142 27 50 81 79 94 141
172 62 160 173 55 138 29 39 13 69
82 51 133 59 74 186 57 31 174 140
0 113 27 185 26 23 32 199 47 69
42 91 107 56 175 52 55 169 8 43
183 72 122 105 56 8 164 23 97 147
72 98 111 183 154 29 40 47 168 175
95 21 91 150 11 146 105 73 90 16
143 63 101 177 88 57 50 75 133 162
162 181 170 82 172 96 19 76 84 181
124 192 130 197 114 102 100 26 47 47
121 164 116 13 67 1 21 99 82 10
11 188 41 24 194 190 32 102 85 163
197 167 149 183 159 54 146 158 76 68
3 65 5 44 16 19 144 199 136 116
163 74 118 68 13 83 135 154 28 118
145 160 80 104 125 50 125 73 167 9
65 1 35 195 114 49 166 54 146 94
144 44 0 121 152 97 189 175 8 89
149 100 168 46 13 151 96 82 101 153
84 33 47 33 65 26 103 59 93 56
127 129 88 101 180 60 182 7 122 163
196 131 61 107 199 164 32 84 7 174
14 133 134 75 127 84 12 58 199 157
178 173 174 186 101 167 128 42 38 154
45 133 158 65 115 6 17 112 85 56
197 177 40 18 72 129 38 108 105 179
95 85 32 127 22 54 156 93 6 104
51 35 113 147 129 33 84 78 62 192
3 54 35 196 17 142 37 128 183 142
125 180 113 182 142 60 133 40 125 8
101 39 49 14 159 101 179 62 157 186
193 100 120 96 123 146 114 89 2 101
86 127 124 197 142 135 8 62 13 184
109 185 154 110 135 150 118 121 151 177
62 92 2 22 169 102 186 20 117 153
165 58 33 68 168 140 52 47 125 4
190 171 107 96 185 129 1 120 130 74
32 87 194 26 197 29 91 105 132 150
109 27 81 68 28 66 144 100 183 184
88 69 16 195 88 92 171 169 68 97
106 15 103 11 77 192 59 180 91 196
181 27 30 180 92 72 68 24 99 121
55 95 96 194 154 105 95 193 125 126
170 78 113 179 125 149 137 62 173 164
78 0 60 83 42 132 48 187 22 192
51 126 189 45 184 61 18 0 39 188
102 122 66 40 68 58 79 80 0 160
158 87 51 126 186 152 109 8 30 188
185 155 61 61 137 176 186 58 90 165
84 11 100 65 100 75 15 177 178 158
63 9 130 158 59 163 38 195 123 39
184 82 93 68 80 8 43 198 85 96
103 167 81 63 80 71 40 36 198 193
120 162 142 52 181 184 41 143 187 97
184 52 199 35 113 53 193 74 73 12
113 34 134 58 118 80 31 34 181 84
159 9 100 111 180 132 198 122 47 134
194 19 11 67 186 142 26 139 36 84
16 175 107 53 172 124 187 161 2 81
129 2 140 121 35 145 148 182 86 184
199 190 159 14 99 13 16 94 116 186
142 192 134 156 74 46 118 115 103 124
149 130 13 68 140 177 97 12 173 133
24 53 41 28 137 126 47 130 186 108
111 171 196 174 133 5 93 38 84 3
105 199 71 123 66 59 97 88 58 13
78 22 146 172 31 198 34 124 47 5
96 72 69 67 143 28 45 21 96 53
86 196 26 103 51 68 96 172 125 44
67 139 100 109 94 21 122 48 28 140
119 80 0 83 148 146 198 187 24 61
170 55 71 130 110 167 55 57 56 116
186 113 110 99 113 92 5 112 78 6
180 86 63 15 74 116 116 87 102 159
45 70 147 44 93 98 150 22 173 72
63 69 176 135 7 177 65 80 93 20
100 91 162 194 65 89 198 72 98 46
152 125 8 52 53 130 28 50 104 34
73 128 88 22 186 55 80 158 1 165
94 30 82 111 2 147 39 179 30 69
127 157 87 163 85 183 190 171 45 65
4 193 105 148 175 90 57 0 50 156
37 149 51 157 34 77 97 30 48 161
43 2 174 69 89 150 38 107 63 157
0 150 44 60 193 2 177 154 77 157
43 68 31 55 134 199 134 12 2 139
23 196 141 44 90 42 157 51 73 168
67 176 61 92 114 117 46 24 187 103
15 95 80 130 27 179 127 22 96 11
133 58 137 194 3 1 143 68 51 185
96 153 1 120 36 87 23 45 29 44
142 174 183 150 155 66 78 72 169 155
184 157 86 146 172 92 87 1 92 183
178 22 194 60 49 152 190 6 66 148
155 188 74 127 49 150 126 167 47 26
185 1 174 39 143 152 197 73 43 137
30 97 84 59 31 144 189 169 90 125
82 161 161 43 150 156 179 140 148 163
121 69 171 193 67 199 105 192 38 123
150 16 61 180 187 63 102 131 141 97
49 7 20 145 54 179 129 170 13 185
153 185 182 78 3 75 172 176 112 80
113 143 41 3 111 157 75 48 179 162
198 102 151 193 2 135 8 92 188 110
126 81 167 159 102 176 157 135 145 127
43 131 56 135 111 18 87 82 120 31
114 69 24 3 61 93 178 157 32 108
167 122 110 10 101 194 45 135 84 0
1 149 3 136 162 94 169 38 34 198
105 185 22 100 168 143 10 23 91 131
1 51 5 107 148 167 137 146 113 37
69 44 49 156 162 6 11 0 62 102
58 128 102 135 142 95 174 110 136 103
152 51 50 88 150 153 137 138 72 1
112 197 121 108 37 32 132 133 104 187
50 177 133 148 135 126 79 174 180 154
192 116 130 78 40 104 37 128 131 62
136 30 178 150 85 161 132 61 105 6
196 185 39 22 51 9 149 54 179 32
130 110 166 125 85 61 84 169 163 82
127 15 98 162 64 184 190 128 129 3
110 88 87 134 83 77 105 67 147 93
75 143 105 106 160 53 144 24 198 61
167 97 11 94 115 100 64 88 149 47
199 146 156 27 104 188 72 75 160 11
159 169 53 89 156 185 181 197 140 2
187 176 179 182 127 131 60 33 96 184
46 98 147 128 115 44 37 115 87 139
116 174 73 63 91 67 197 145 51 62
143 93 104 176 2 91 196 80 101 2
126 153 16 36 53 109 155 193 44 105
161 154 79 76 180 193 195 168 157 79
114 154 17 109 138 151 141 79 14 43
112 149 20 149 97 45 53 149 128 66
168 7 103 46 94 30 103 183 49 163
115 199 14 159 129 79 166 7 176 114
172 126 20 55 16 25 9 50 86 145
57 135 41 164 35 190 83 94 4 56
145 55 33 28 164 166 196 37 134 143
33 146 46 146 177 8 35 27 44 136
103 154 52 123 36 192 97 134 74 11
191 117 115 18 0 49 87 140 0 164
100 44 164 69 25 70 105 17 105 56
19 104 152 90 36 136 175 127 46 176
170 31 26 114 63 106 61 102 126 110
138 154 163 158 91 191 80 168 162 174
71 174 12 141 0 48 101 97 133 199
26 16 113 33 154 19 179 45 105 22
148 98 160 130 174 7 93 169 191 66
1 187 51 145 13 178 3 103 71 179
190 91 26 43 92 139 72 37 82 172
132 114 5 11 89 176 50 194 197 57
33 8 4 180 150 13 161 113 139 192
30 10 161 46 152 122 130 100 130 46
179 165 14 114 72 41 93 150 128 8
129 121 142 162 138 158 58 80 68 81
151 42 26 146 137 90 135 75 189 109
70 20 177 9 136 124 121 166 196 149
100 152 137 73 113 27 76 57 59 112
40 6 155 174 160 32 161 99 146 110
73 90 114 69 115 4 143 131 25 38
60 46 109 151 132 73 93 28 126 137
174 46 117 119 36 139 171 191 169 70
92 23 131 0 12 49 181 151 154 33
1 199 34 130 196 181 55 106 183 26
58 79 105 93 46 18 59 34 68 77
171 125 162 30 91 8 133 1 32 125
113 2 143 194 13 73 147 192 19 141
67 98 107 135 32 58 95 60 2 113
146 154 56 181 174 2 16 179 96 190
22 89 62 86 193 28 50 59 12 42
77 63 151 152 15 117 73 193 44 90
134 67 100 14 87 127 118 165 81 55
113 81 34 135 69 52 86 142 142 173
108 157 16 8 173 166 73 138 29 64
142 106 166 54 45 137 190 148 125 161
156 194 165 58 8 180 140 63 75 29
130 62 22 147 165 94 132 137 183 137
21 111 164 126 18 176 74 101 46 74
172 45 31 175 149 156 134 56 149 188
12 124 64 55 132 47 191 73 7 180
62 148 73 176 183 84 38 70 71 115
23 197 125 192 156 81 144 2 32 143
138 68 91 135 109 116 149 19 190 130
40 186 17 31 107 65 12 36 111 52
93 73 141 71 157 88 170 168 115 21
0 125 125 163 43 105 4 7 69 99
68 80 95 184 61 110 176 69 143 174
66 8 33 108 18 88 59 132 184 165
14 196 142 2 16 193 70 150 12 62
196 160 98 195 97 121 153 154 135 21
135 29 176 41 128 60 76 71 72 47
53 90 99 127 147 48 85 6 11 150
42 172 76 196 87 3 57 125 79 21
37 136 61 27 15 64 194 121 155 108
103 105 118 121 192 41 109 154 158 178
108 135 190 153 42 89 152 56 16 4
165 105 196 34 94 149 162 183 25 102
60 190 190 0 50 48 132 4 10 182
11 187 78 29 64 9 116 148 179 87
42 190 82 75 144 50 123 28 68 128
93 186 52 119 55 102 56 127 32 105
158 52 7 68 121 195 103 21 163 95
42 27 175 148 177 77 38 83 183 53
153 110 41 166 83 163 121 91 60 71
193 176 16 21 96 117 170 57 195 88
67 70 102 41 74 144 83 104 135 25
105 131 117 32 40 20 137 23 115 124
197 193 81 96 187 168 48 124 152 88
70 26 138 123 182 63 5 162 143 133
19 17 120 179 35 65 192 71 41 135
146 150 67 154 0 188 32 83 0 77
81 115 180 135 131 13 86 118 105 7
119 30 138 121 187 65 84 163 187 52
103 174 95 173 152 34 148 129 20 129
125 56 98 126 90 55 27 51 87 91
150 22 168 132 38 20 156 91 34 111
108 127 31 45 2 98 162 174 135 61
155 81 67 68 145 138 19 128 188 36
52 5 31 107 154 155 117 50 83 175
124 70 138 31 134 65 147 27 154 26
104 90 75 24 140 135 17 164 70 133
176 17 54 113 12 170 139 184 149 40
12 190 11 115 33 158 6 138 178 102
48 117 187 82 103 128 172 86 112 58
59 138 17 156 48 104 73 14 166 63
132 132 88 133 77 186 168 143 118 1
14 143 7 164 12 117 151 62 153 49
164 49 152 181 94 41 166 115 117 118
189 166 198 47 24 130 48 199 63 154
13 59 82 46 131 101 37 133 98 97
95 35 82 75 16 59 154 121 175 90
176 9 179 32 83 59 143 29 121 145
23 155 145 162 69 12 192 102 156 138
133 23 65 5 165 62 176 97 154 22
8 110 183 166 172 129 173 91 162 195
81 84 9 127 142 156 140 83 187 155
87 95 46 113 65 18 185 52 166 59
151 37 12 121 6 188 107 53 136 16
119 154 175 41 3 35 117 41 144 67
138 150 125 90 10 69 66 115 125 141
160 195 180 179 96 190 30 133 19 53
87 51 151 119 189 171 96 177 82 86
37 117 138 12 170 51 63 108 197 199
107 60 178 143 141 104 142 49 82 70
21 12 9 195 94 29 36 106 90 130
175 95 120 45 59 121 92 186 148 191
185 23 35 111 91 83 25 105 37 32
17 78 53 103 154 33 147 49 127 198
60 40 14 46 168 147 117 190 164 175
74 70 126 163 136 4 4 162 26 127
93 61 98 27 125 76 19 72 173 3
99 154 162 169 42 135 75 74 76 134
109 153 22 169 75 147 110 110 34 177
12 161 49 147 173 183 196 131 43 79
111 10 0 51 9 0 197 193 164 82
69 196 122 56 86 17 81 78 90 20
93 172 162 107 41 154 157 147 134 95
106 131 4 62 191 76 160 74 19 170
177 55 181 37 194 180 119 93 87 184
140 70 121 85 10 75 57 14 94 75
140 3 161 133 5 63 159 26 48 16
3 124 49 115 136 135 166 114 68 147
193 88 37 142 139 80 8 151 168 17
98 135 4 54 10 32 64 150 108 76
187 116 72 62 126 25 125 117 197 12
81 138 95 50 94 144 168 33 199 191
118 160 144 131 125 137 114 160 23 10
185 130 124 11 80 86 120 8 140 43
12 188 75 72 60 70 40 164 29 89
171 88 3 183 98 4 1 111 186 54
47 107 106 114 85 182 140 199 163 110
3 125 39 152 119 22 8 199 85 122
157 186 65 82 16 157 110 18 177 68
107 40 38 1 20 124 78 173 103 144
139 168 196 98 118 79 94 156 78 43
141 47 63 167 195 85 97 18 190 64
92 51 105 42 179 33 68 86 124 186
65 176 115 126 45 28 70 125 20 190
150 112 125 116 177 76 125 179 47 120
26 27 97 101 70 146 148 0 188 81
104 53 49 46 50 147 67 144 7 20
175 25 193 179 133 33 91 188 80 12
106 124 114 48 172 20 180 55 50 134
178 108 83 90 195 69 170 124 99 133
109 156 186 120 144 53 54 178 108 69
127 198 74 38 188 83 172 134 55 156
32 85 159 68 80 167 134 186 187 97
119 102 199 175 25 30 143 176 59 174
138 139 67 194 100 107 26 112 156 141
73 115 199 198 88 177 137 29 38 2
143 129 35 52 116 26 178 152 7 74
146 40 100 149 132 76 189 182 154 183
6 19 95 140 31 67 194 132 170 178
19 61 110 62 27 158 81 136 9 56
89 105 142 194 158 49 120 76 72 74
87 114 71 0 21 185 139 13 161 97
15 145 46 68 19 114 88 131 87 54
53 10 2 24 193 61 101 99 63 85
98 42 145 118 93 32 108 133 184 152
128 92 42 64 64 81 175 108 133 175
30 25 26 192 42 58 70 56 8 99
20 183 112 28 15 188 59 134 87 127
38 109 19 116 20 165 175 81 171 131
42 115 122 93 74 91 32 91 141 51
112 19 17 67 57 193 40 164 88 77
184 198 94 133 150 187 188 109 166 176
10 192 60 151 61 146 46 157 151 124
91 138 138 45 136 60 131 60 132 124
129 184 92 7 111 135 190 173 39 124
131 15 99 150 144 91 52 0 75 26
173 13 94 109 50 20 190 136 97 12
27 34 126 129 30 103 30 15 171 37
198 164 166 172 136 84 107 47 24 158
161 23 146 27 108 171 37 86 15 97
77 188 49 91 134 164 177 128 65 143
125 175 15 178 130 111 31 1 161 49
26 161 107 31 51 30 4 192 109 39
145 93 31 129 56 66 119 181 134 198
102 138 181 95 148 103 39 82 39 26
51 44 122 82 177 162 124 116 107 62
157 145 153 79 19 41 53 58 25 148
57 198 174 85 58 70 189 142 24 126
191 117 171 165 29 35 103 104 81 136
178 196 197 107 189 179 122 162 91 53
174 85 136 130 144 108 130 7 67 34
23 77 138 39 164 142 147 193 185 57
138 118 128 12 17 156 24 72 61 168
119 168 159 27 57 28 24 21 55 7
114 168 69 132 89 136 88 109 21 4
189 99 171 31 1 61 29 44 127 35
30 86 67 75 115 119 188 62 14 57
109 120 14 31 117 146 89 8 25 83
18 91 31 91 184 11 136 160 9 128
137 164 47 59 90 107 150 182 12 159
26 174 195 157 25 65 141 181 189 198
143 96 48 49 166 156 24 96 107 192
43 14 160 194 191 174 25 125 68 147
115 7 121 76 192 119 66 120 105 169
129 83 77 3 29 86 125 106 193 196
80 122 83 4 13 155 82 163 114 0
61 2 156 60 134 18 12 133 2 81
33 75 182 199 169 165 86 101 34 188
97 45 29 38 5 195 167 175 112 11
149 132 75 23 18 95 2 35 17 67
22 77 37 153 21 199 139 165 34 67
194 149 28 156 142 145 98 157 107 124
86 180 26 198 168 11 112 157 117 175
83 85 171 42 73 119 26 102 198 111
192 15 123 126 84 124 184 173 58 46
88 49 123 199 53 69 172 45 74 5
198 14 79 31 134 38 15 148 24 154
112 38 134 56 171 10 19 128 31 86
117 137 187 32 168 183 148 60 148 177
162 110 29 133 199 10 15 63 103 87
35 156 59 10 9 138 124 121 18 67
180 124 147 197 103 50 52 16 97 50
160 169 148 119 74 188 181 32 44 197
164 178 27 123 6 25 134 182 105 45
10 22 77 141 180 21 157 85 74 27
152 122 50 122 163 126 109 160 30 180
116 7 123 171 185 52 184 93 65 148
74 18 111 165 153 2 134 60 179 102
184 121 104 12 47 198 89 44 76 79
69 193 171 129 112 80 51 33 90 104
114 65 157 131 182 115 58 130 193 82
90 90 49 100 98 198 73 70 42 84
122 93 119 158 103 58 103 192 62 98
36 156 50 20 142 35 172 100 27 180
174 118 96 94 59 27 107 76 11 159
100 77 27 95 56 124 164 133 159 6
120 46 34 36 32 111 164 2 105 195
65 156 21 188 53 134 69 32 72 22
54 9 120 129 99 67 155 194 22 62
25 26 112 49 106 39 139 71 190 127
121 81 30 10 194 17 104 54 172 16
111 42 135 53 138 187 138 104 130 132
119 100 45 123 107 76 78 145 151 65
152 194 15 100 147 102 71 21 199 34
60 101 128 112 116 41 84 70 162 148
142 105 164 76 147 167 77 161 106 78
62 125 184 26 101 90 156 75 5 123
183 130 162 70 86 189 152 31 51 16
100 17 143 155 119 151 193 87 137 128
167 94 21 192 117 41 186 175 140 129
170 49 44 154 188 35 170 35 33 15
184 88 99 21 6 44 55 186 103 96
37 191 156 147 72 146 181 167 109 33
96 180 162 52 92 113 118 9 139 142
94 16 161 163 160 115 94 5 58 2
23 83 83 14 175 133 77 133 159 199
153 80 4 4 136 176 128 126 118 47
100 138 33 5 179 93 198 155 131 18
79 91 137 3 5 155 91 123 112 92
21 153 101 116 183 181 34 176 28 187
78 101 21 47 12 176 173 103 120 53
48 42 52 31 38 157 140 145 44 182
122 26 25 1 82 33 127 2 43 22
95 163 45 196 105 12 171 99 44 24
27 66 184 51 154 194 20 79 21 39
45 1 87 72 120 20 159 131 109 103
79 82 87 164 85 16 47 150 170 28
112 142 45 132 143 137 95 170 157 85
142 110 180 48 156 120 19 58 165 108
104 6 157 41 174 11 107 33 120 90
25 138 195 97 88 176 186 139 24 122
48 84 196 67 80 159 136 69 4 67
63 195 64 174 54 81 62 72 149 61
40 83 9 197 127 169 145 127 168 47
77 58 151 107 94 38 7 114 186 31
125 64 179 133 0 2 134 34 180 68
135 60 164 48 159 16 143 35 164 25
16 162 177 8 160 164 155 91 54 173
48 77 74 96 149 81 137 29 95 58
129 95 163 177 44 64 49 194 135 148
81 114 199 139 87 73 130 85 107 170
116 22 80 102 55 67 196 44 45 3
141 113 90 141 199 160 174 119 31 15
2 160 97 30 105 29 189 80 39 135
183 75 53 194 66 79 151 37 186 5
115 91 109 137 59 164 94 32 28 68
89 130 60 105 31 121 177 92 145 116
30 84 51 194 6 84 169 116 99 171
80 78 57 192 156 38 150 19 91 110
16 159 33 180 130 62 5 97 170 61
48 29 167 105 144 100 188 195 48 139
98 196 23 166 58 2 30 165 195 63
126 79 123 199 7 139 32 174 91 74
145 31 12 42 7 136 168 186 185 122
184 8 143 104 54 21 130 74 104 178
171 178 155 59 47 136 22 70 146 105
70 188 122 63 186 53 95 29 115 50
179 43 137 91 112 136 18 117 71 199
157 71 27 17 42 66 88 15 10 127
60 0 40 155 29 175 77 124 52 115
143 54 49 139 2 96 37 95 109 131
52 82 107 93 52 39 149 156 43 119
180 8 26 80 150 198 71 25 23 106
159 6 116 163 128 26 85 171 22 136
45 178 162 99 113 80 179 40 34 126
147 168 84 193 100 139 91 164 104 19
79 101 9 93 18 112 85 100 137 14
162 35 82 128 183 144 107 75 20 33
49 85 3 89 55 125 192 115 111 34
153 158 87 109 194 112 124 79 146 25
167 24 197 96 23 30 144 151 183 100
79 161 81 142 21 193 66 5 13 48
153 141 100 98 173 140 1 108 25 13
74 0 58 159 159 0 129 138 15 85
98 2 50 125 183 94 175 0 79 176
122 93 47 155 112 87 70 44 174 3
28 162 165 23 157 21 170 25 87 191
70 185 21 20 169 49 109 194 154 121
90 195 166 182 185 134 154 185 9 53
54 182 84 138 33 75 43 30 148 189
34 191 83 19 155 103 169 183 5 7
189 24 150 151 25 80 166 7 40 107
187 10 116 3 72 47 84 86 191 194
121 165 74 176 50 71 132 169 159 14
86 126 127 60 86 172 61 169 51 50
63 106 125 5 83 20 87 95 20 20
167 9 2 195 199 188 119 47 0 30
50 151 196 123 150 193 110 4 69 189
154 67 40 142 25 89 170 72 175 66
24 149 185 71 79 148 3 194 58 194
35 165 149 197 49 190 160 103 99 34
3 102 84 51 2 57 17 66 115 133
133 11 117 172 112 103 180 187 50 162
171 96 54 160 36 29 48 46 83 157
22 77 161 6 84 0 51 89 108 155
115 161 125 114 54 189 167 139 57 26
128 128 71 83 32 109 117 48 52 167
93 77 174 41 142 129 100 111 90 129
59 119 13 17 24 110 155 127 119 25
86 63 119 194 178 151 21 90 198 4
130 108 132 193 3 0 51 149 28 153
192 2 21 124 129 79 32 150 31 63
170 78 13 11 73 150 88 127 89 99
143 76 22 53 165 93 106 179 109 192
197 197 54 12 11 164 5 151 49 130
39 0 168 111 190 27 63 34 63 113
106 103 51 75 159 52 105 116 144 165
49 56 32 179 75 20 45 51 102 89
139 35 23 120 163 73 31 6 108 89
118 51 175 59 65 141 130 179 134 117
138 41 87 128 88 47 81 18 72 150
139 44 172 144 86 75 144 123 113 171
