237 351 283 266 282 311 385 318 379 216
200 343 377 271 307 292 384 286 247 307
292 399 313 388 307 293 351 210 323 314
355 394 320 374 396 262 235 337 302 309
253 266 315 346 369 244 326 366 387 300
366 301 258 290 234 387 309 298 309 301
253 322 313 283 279 330 219 303 298 352
277 347 292 390 321 289 394 358 314 249
356 230 352 283 350 202 256 270 385 249
320 372 209 262 396 206 312 255 299 310
385 290 365 336 323 250 372 329 350 316
392 264 325 386 214 246 320 356 371 365
341 233 212 218 277 390 339 259 386 270
274 262 363 223 206 208 214 214 309 374
245 294 217 325 291 263 233 296 201 397
346 389 390 246 258 296 375 219 366 310
312 230 389 263 267 289 332 208 304 265
252 363 394 221 209 370 338 215 233 371
207 254 315 376 259 345 281 385 273 240
237 338 243 241 207 252 219 217 258 355
314 351 249 250 316 276 328 296 324 394
322 323 333 206 397 250 341 211 281 265
281 298 244 286 246 370 249 282 395 346
292 346 240 311 355 252 308 253 241 260
311 347 254 355 364 311 226 289 236 215
200 220 297 323 256 244 344 213 295 315
266 398 345 270 355 244 241 312 337 260
284 286 396 263 362 228 309 390 307 243
214 395 248 201 263 373 343 358 380 256
244 284 293 285 314 334 298 251 318 294
324 376 228 384 270 244 215 272 279 246
244 255 399 331 250 393 356 242 308 293
389 283 322 293 305 212 331 274 254 391
354 258 297 373 383 378 223 273 243 241
210 268 355 245 249 281 310 390 357 224
322 279 321 283 346 386 274 276 382 283
252 279 280 348 259 375 219 317 378 381
342 353 227 388 204 364 302 222 398 292
311 257 377 347 258 202 287 269 200 376
322 346 322 236 320 319 256 350 339 312
238 354 348 393 289 293 206 264 300 350
258 292 293 366 302 377 303 290 359 354
328 236 240 391 206 379 399 294 328 318
356 347 274 246 215 315 335 214 275 356
392 336 380 310 366 258 333 301 246 200
244 315 226 300 227 284 369 246 390 284
272 225 202 210 384 305 291 269 353 234
264 200 233 339 208 373 306 376 218 262
340 368 340 278 229 253 350 257 223 230
316 363 203 399 357 292 360 306 306 234
260 209 253 264 237 350 317 352 209 207
221 366 399 230 352 262 267 286 366 278
326 289 302 267 317 313 361 206 209 241
279 222 233 291 243 388 303 371 337 375
390 254 347 310 215 366 297 334 234 347
264 383 351 395 250 206 249 250 329 255
208 249 209 207 275 392 389 250 300 332
293 265 205 236 314 366 237 278 300 394
340 398 357 314 347 358 227 301 253 331
327 220 241 285 238 279 383 218 225 219
243 307 254 326 230 330 298 250 232 243
372 279 221 321 252 388 348 314 288 339
214 264 240 340 375 334 204 340 398 386
265 313 240 346 346 204 359 217 320 318
260 399 327 316 336 378 390 212 309 338
268 378 207 268 383 267 290 314 251 336
240 215 242 377 253 342 331 388 380 210
392 340 328 203 313 336 355 264 260 203
370 244 276 317 209 368 279 317 350 374
368 395 246 391 295 292 385 394 361 328
380 272 365 359 383 220 304 329 326 204
220 343 346 353 275 382 377 292 268 219
347 348 370 238 353 237 398 325 398 225
393 239 213 225 205 282 353 271 239 388
204 204 214 335 240 387 371 239 314 354
337 381 248 266 225 326 385 301 302 327
336 359 332 292 292 273 302 285 398 323
336 286 325 327 200 391 214 308 391 260
353 306 236 266 348 367 299 252 300 279
201 220 315 266 352 291 349 286 350 242
398 202 333 340 305 267 219 276 312 288
335 362 374 254 246 244 301 305 244 320
295 285 323 269 394 299 384 230 324 238
396 308 276 360 336 201 265 250 227 294
216 346 364 341 302 334 362 376 242 326
261 345 375 392 342 225 236 356 222 359
380 370 324 350 383 304 302 241 200 335
369 271 318 375 326 289 315 317 261 327
367 304 245 205 359 332 372 284 336 227
222 264 353 292 398 336 310 212 211 218
200 259 362 312 382 355 236 301 214 344
352 259 256 373 377 236 343 222 203 339
202 331 366 385 286 243 352 353 202 368
267 350 386 380 326 392 307 286 274 214
236 222 240 263 388 351 310 268 225 219
396 243 315 357 270 219 366 379 335 276
301 342 356 367 252 365 305 319 227 327
364 247 362 312 369 392 361 273 262 316
235 252 256 320 204 255 331 397 323 220
357 327 224 290 285 252 271 203 393 275
310 372 293 317 377 334 295 227 219 359
245 316 216 291 311 246 383 384 292 309
340 336 253 299 395 319 233 353 326 261
297 269 290 375 320 255 378 253 274 305
239 370 343 250 310 378 250 327 309 395
229 209 389 299 288 368 390 357 248 345
382 214 282 323 327 361 361 322 366 314
310 209 378 350 355 276 351 275 321 348
233 265 377 311 337 288 325 238 250 308
375 215 333 392 254 330 216 280 221 302
284 382 388 266 349 226 205 319 334 204
279 235 207 330 321 386 304 398 369 314
206 368 323 299 208 387 288 361 252 299
264 251 357 261 305 244 228 238 374 275
225 338 234 250 328 354 249 327 217 398
231 279 399 238 379 269 395 297 277 233
350 266 279 219 219 323 219 397 233 318
217 235 248 291 301 229 204 299 280 303
368 396 238 205 268 385 332 247 353 216
293 292 216 301 395 336 224 356 318 250
308 315 241 368 236 281 362 363 242 260
307 217 386 257 379 307 320 323 325 391
344 381 346 255 267 213 205 233 332 285
222 382 279 216 247 254 390 225 205 371
238 264 275 288 376 336 259 381 382 233
224 387 371 233 253 257 344 309 387 359
289 334 334 209 262 288 374 328 287 261
374 319 310 260 222 362 313 262 388 215
214 210 313 362 219 392 275 333 258 372
291 380 220 203 238 255 258 335 377 321
205 356 306 205 243 257 324 375 365 223
358 291 396 320 297 255 258 302 382 366
214 332 393 240 273 219 231 200 345 347
265 201 306 369 210 264 255 379 365 367
381 362 289 355 260 325 228 256 335 263
318 202 292 331 345 355 233 234 274 331
374 229 287 365 250 297 284 223 382 276
341 314 363 203 298 323 274 239 204 270
381 256 328 372 383 327 210 302 336 229
231 361 346 338 338 246 381 301 240 221
243 314 386 217 320 327 248 300 307 302
207 381 365 299 318 297 365 317 266 307
359 220 238 232 281 378 235 218 290 267
378 269 336 295 265 208 382 373 341 217
357 359 299 346 353 234 277 222 323 357
243 260 385 271 287 211 377 315 358 205
247 323 324 313 262 201 310 241 252 396
332 268 349 328 337 297 376 207 240 392
258 355 251 282 290 344 251 325 249 327
373 386 361 373 362 369 217 378 261 312
310 333 203 292 378 221 384 322 235 202
302 201 268 228 395 332 228 204 356 241
322 376 278 382 233 384 280 214 353 294
353 349 243 320 346 320 343 334 387 320
381 398 286 236 230 256 273 320 303 209
227 377 238 304 252 375 301 238 312 286
295 273 248 207 342 236 313 338 369 200
201 379 246 357 349 294 373 289 204 394
237 335 370 355 369 255 329 274 278 271
313 267 349 326 280 380 388 279 275 376
216 233 205 364 331 277 392 305 377 318
274 254 261 291 232 269 374 386 378 316
365 206 337 219 344 212 371 359 389 284
392 371 229 212 323 386 274 252 219 347
231 352 239 384 248 264 259 356 217 209
362 340 309 322 284 227 394 253 293 222
378 311 306 388 306 362 399 345 338 266
203 387 250 258 374 325 280 342 229 217
367 362 352 377 270 343 212 263 372 214
207 338 269 396 394 257 355 231 235 314
284 374 321 239 264 291 381 364 290 325
280 243 316 393 265 214 297 331 287 247
370 375 275 231 273 324 369 283 213 275
358 251 330 216 314 204 344 379 334 331
355 322 398 241 389 290 377 206 363 200
270 206 253 216 322 394 300 259 278 387
336 361 261 377 328 309 261 255 320 280
218 379 253 268 224 232 232 210 343 396
211 253 322 255 268 352 271 300 225 338
308 342 296 263 346 363 203 395 239 368
309 368 342 260 298 278 206 228 371 390
249 334 380 371 282 378 354 226 259 294
304 356 306 289 362 342 397 296 240 238
261 393 334 382 314 279 362 236 258 354
269 335 348 200 226 276 323 343 307 288
283 212 284 347 298 231 356 278 322 270
284 237 218 229 249 256 329 209 243 236
308 251 357 256 326 298 312 296 364 225
394 370 345 279 343 250 387 375 363 386
366 308 280 376 348 270 316 243 395 273
255 290 356 214 341 300 351 218 296 229
333 352 213 251 301 264 364 240 338 393
325 260 218 306 387 325 336 245 382 353
307 300 212 274 323 316 274 255 354 359
254 282 356 299 248 328 252 243 235 269
394 382 288 274 273 346 388 267 250 336
239 214 269 247 228 388 366 277 224 224
367 372 250 202 353 232 320 383 380 303
353 200 232 244 364 325 285 280 345 351
316 366 237 356 346 238 237 244 252 306
394 281 271 240 372 266 294 215 371 368
268 381 233 345 298 316 373 231 293 282
305 314 397 352 304 281 355 241 392 235
313 217 275 348 252 220 300 295 367 214
245 317 259 304 357 324 371 307 253 295
383 291 275 209 214 274 359 338 230 239
367 205 309 260 250 277 268 333 251 356
339 258 291 323 317 240 293 346 321 309
354 338 387 231 201 323 286 309 268 346
209 228 299 348 286 385 338 394 269 325
242 316 208 326 250 318 221 394 365 263
217 203 247 345 335 230 324 321 205 290
250 348 331 378 232 398 230 288 275 375
390 309 252 279 339 277 280 380 337 248
350 359 374 287 345 281 318 362 213 244
234 300 396 320 228 376 372 238 238 215
343 368 303 243 201 324 304 265 284 348
272 268 225 381 265 310 253 250 278 236
205 290 312 270 253 245 298 232 358 298
209 253 283 245 293 314 220 392 200 322
219 216 311 379 379 267 278 342 390 380
239 304 325 290 335 399 286 319 391 329
393 318 228 317 349 334 322 393 330 255
385 236 215 211 244 202 283 263 248 299
367 302 332 389 340 279 228 371 363 249
257 321 315 382 372 286 386 370 245 328
371 311 228 299 280 384 232 248 218 248
202 270 318 329 274 238 367 277 291 367
223 215 372 229 274 385 378 367 299 306
215 280 391 247 328 259 274 382 218 240
281 246 399 388 298 258 257 381 322 282
248 328 244 338 243 225 326 220 362 370
276 276 262 243 242 355 232 258 298 350
254 226 374 330 214 398 243 217 230 368
391 386 361 320 357 241 323 318 396 354
223 376 382 358 266 376 276 381 291 282
268 203 220 288 397 249 390 225 276 313
297 327 383 379 381 291 304 313 222 311
256 254 283 314 261 353 213 264 232 368
332 258 377 247 227 210 229 381 299 348
209 276 388 208 266 242 292 295 264 338
372 388 213 360 277 266 207 262 295 293
225 360 261 213 353 303 262 235 395 323
246 329 222 339 372 214 370 290 381 355
374 276 255 362 229 367 281 379 289 226
254 210 247 285 379 334 276 342 371 306
316 399 275 319 367 332 260 365 241 392
229 355 339 291 339 202 242 293 309 263
316 335 350 242 353 274 321 231 213 280
244 340 314 243 281 207 305 350 200 327
250 354 262 214 346 333 325 352 390 252
375 320 262 229 300 348 355 391 252 331
265 217 387 295 298 342 248 272 285 307
311 312 209 326 229 248 228 278 262 363
205 235 294 345 267 327 201 389 397 208
395 319 228 389 314 336 383 300 295 325
350 360 353 249 321 303 285 292 229 399
382 346 234 220 351 365 295 299 283 378
256 278 252 345 228 266 316 326 252 215
272 272 296 343 376 314 297 269 389 352
226 294 343 302 357 372 237 372 302 249
212 333 394 381 290 228 332 399 252 351
258 265 351 236 251 368 221 299 347 374
285 380 378 346 225 227 302 220 251 326
376 314 343 360 319 231 264 271 352 346
369 313 287 224 258 378 274 393 250 304
234 206 289 339 226 333 365 204 203 268
280 390 279 359 364 311 323 340 268 300
251 242 238 340 298 272 337 218 391 239
345 348 214 208 288 200 300 316 335 278
258 321 200 210 390 373 348 368 374 334
246 357 371 238 284 355 297 206 209 211
262 240 227 261 203 317 291 282 253 295
323 329 337 369 303 254 396 389 349 201
292 219 357 230 238 305 301 307 243 373
213 313 305 337 370 281 277 254 349 303
290 357 221 383 241 385 258 289 335 395
306 300 250 396 367 267 209 394 213 290
286 233 250 342 223 395 300 221 289 243
207 319 304 219 327 385 212 311 295 204
236 368 210 213 280 351 200 373 282 389
268 233 312 227 309 247 327 221 375 276
316 337 251 347 280 265 207 214 242 208
229 306 276 204 293 253 320 372 282 275
346 245 298 255 225 291 318 371 248 227
206 291 292 259 338 311 214 384 222 252
269 274 319 326 232 299 381 388 270 397
230 366 314 260 314 384 307 227 200 287
273 334 336 280 301 389 299 264 293 339
306 304 302 347 279 259 230 207 292 205
318 223 397 302 281 358 298 295 370 343
393 307 241 318 220 353 378 202 303 320
281 393 382 263 348 312 349 390 301 205
288 384 347 294 269 355 372 227 340 397
391 375 382 380 276 386 250 208 269 383
237 331 353 302 282 239 305 331 211 310
317 213 310 288 326 215 362 355 373 244
313 335 327 375 287 220 339 254 333 207
348 356 304 244 303 333 297 208 277 333
256 328 307 262 331 279 376 289 259 290
341 291 396 334 365 354 322 209 303 256
334 281 283 294 293 314 314 361 260 210
222 258 205 268 331 224 227 332 301 296
202 361 241 229 335 253 295 332 254 217
380 332 221 366 394 261 320 259 237 340
371 330 373 385 224 386 388 325 275 208
364 320 316 319 341 327 355 358 200 377
274 326 200 334 322 347 296 367 327 253
367 225 308 244 386 223 296 209 332 332
216 363 301 330 313 219 338 371 342 236
220 383 226 257 332 376 314 273 259 237
204 351 248 316 296 228 293 329 273 310
388 256 264 267 281 317 315 378 210 284
293 265 381 323 230 376 315 292 256 328
276 252 324 335 266 209 306 316 309 327
347 348 395 274 276 330 326 298 313 341
326 319 362 357 217 297 383 213 324 248
339 278 330 242 217 375 233 246 314 397
301 372 293 378 397 284 306 280 271 275
329 333 329 315 210 368 252 319 262 354
339 206 332 353 339 273 249 306 225 330
364 249 229 276 328 364 325 345 267 280
373 336 390 368 237 384 362 257 305 309
209 396 274 289 339 207 390 321 311 381
340 274 202 371 372 370 359 223 265 213
355 340 373 357 331 366 260 254 287 291
254 359 304 233 237 264 251 394 260 334
372 342 321 242 227 334 249 347 228 200
383 260 281 344 336 245 367 251 328 266
303 324 376 348 297 296 350 322 270 330
333 297 383 244 340 208 231 256 232 208
344 366 262 261 369 326 282 259 251 287
373 298 348 342 357 305 224 356 201 267
330 339 266 318 284 305 311 276 242 288
235 367 307 287 209 336 386 354 393 230
233 389 276 391 230 310 252 286 363 385
325 227 272 346 254 268 283 263 243 293
298 252 256 319 216 389 392 223 307 243
391 327 344 235 233 318 209 253 340 222
292 206 215 362 388 377 309 357 318 307
313 344 295 279 376 361 328 214 364 322
312 274 287 259 313 284 210 263 306 322
320 291 393 308 356 360 387 340 355 221
293 315 351 320 368 381 380 387 387 342
380 331 350 270 307 311 336 291 301 304
375 253 351 234 398 388 215 214 325 312
257 248 229 277 201 321 204 311 313 333
356 228 331 234 342 236 390 207 384 255
276 379 297 269 345 210 235 335 274 234
208 290 334 377 318 398 364 360 319 331
290 309 315 396 209 314 255 265 234 352
328 342 380 337 374 339 379 294 304 222
206 252 332 266 279 313 351 360 377 380
382 346 217 266 329 245 343 357 388 321
237 300 310 304 205 256 282 237 255 365
251 245 241 200 279 341 279 388 232 336
290 294 352 387 237 397 257 265 385 258
399 250 263 342 285 253 388 362 278 231
238 257 327 230 338 379 244 395 389 311
341 381 323 258 392 264 283 373 234 307
375 267 339 235 346 306 384 233 256 238
350 299 200 374 287 252 369 334 331 266
369 361 393 380 249 377 200 271 357 252
260 248 243 376 365 265 309 392 360 243
353 232 227 202 330 220 339 204 353 358
215 315 260 389 257 214 292 345 284 218
255 393 387 259 266 221 375 211 206 204
344 288 270 313 269 310 369 228 326 398
271 253 299 240 397 224 346 377 347 331
345 207 329 347 279 222 212 384 394 278
397 245 238 211 200 257 214 355 352 233
204 390 378 228 258 335 349 319 274 347
216 298 383 208 291 275 212 315 364 320
211 268 306 362 334 206 370 313 369 239
283 273 336 338 212 358 222 398 248 270
250 393 232 234 399 301 301 222 248 285
206 352 251 280 223 292 374 375 209 347
205 333 271 216 233 318 255 359 337 304
340 397 267 295 243 292 362 378 250 333
322 253 283 292 368 347 365 251 363 361
273 210 391 387 257 243 367 263 235 387
224 388 245 393 246 326 322 390 369 334
338 269 336 330 336 202 236 399 284 333
359 336 377 380 201 269 288 288 265 299
237 356 298 263 227 314 275 229 380 319
212 382 327 322 355 343 309 396 257 320
219 334 375 219 380 264 304 267 294 214
235 370 382 363 378 364 293 385 390 257
258 285 326 224 360 225 334 372 370 385
277 345 355 291 295 205 362 217 294 326
241 330 388 330 344 228 395 233 322 393
374 282 263 218 378 263 368 269 251 225
294 299 388 237 295 292 232 257 348 343
355 211 279 340 249 354 232 390 329 278
383 232 303 308 245 244 364 356 392 266
267 345 274 215 243 392 308 214 330 367
215 377 228 378 323 382 367 235 250 285
281 388 373 316 240 262 251 213 395 287
217 203 324 359 373 257 312 221 264 303
200 208 286 248 330 237 300 318 271 243
277 285 281 204 398 280 251 362 381 248
253 322 391 261 343 275 398 397 205 393
294 222 243 303 359 235 285 224 206 220
256 286 316 242 321 231 203 301 384 215
386 248 319 225 340 329 275 322 284 292
316 248 265 374 339 210 252 239 366 371
222 294 245 331 269 229 246 316 344 214
262 245 376 362 317 230 316 374 364 243
354 210 313 397 340 237 255 331 277 353
319 286 294 302 399 216 215 333 296 307
345 363 350 310 346 366 342 315 263 232
383 393 346 239 350 393 282 209 266 398
263 261 258 358 352 228 229 263 212 387
222 359 238 396 392 243 291 268 324 379
355 324 295 221 281 337 383 311 274 342
222 272 324 306 327 394 257 328 334 204
366 348 391 241 288 321 328 322 238 383
304 349 318 349 352 269 211 263 205 314
205 241 392 347 393 357 351 380 263 237
276 246 257 251 313 293 365 226 255 374
383 222 373 240 258 280 341 283 234 290
337 254 332 279 289 239 205 328 254 322
396 223 273 320 321 322 319 334 360 279
240 290 201 350 249 391 393 290 202 275
312 325 394 318 327 324 333 277 254 206
204 225 240 239 292 244 310 313 344 338
257 365 356 341 241 300 221 255 338 327
278 335 385 325 336 218 243 223 208 322
292 234 347 353 289 263 294 269 362 232
375 200 265 270 273 257 323 232 252 342
205 330 360 383 231 234 373 230 327 243
257 310 307 289 279 280 381 256 228 389
278 257 275 286 219 344 266 355 398 277
299 285 320 279 220 348 238 324 399 272
228 372 276 377 278 255 332 293 320 263
243 248 348 307 344 387 240 322 229 294
290 251 263 245 256 306 201 397 373 275
303 279 396 271 322 323 360 250 213 386
283 320 381 276 332 225 259 272 382 209
301 283 267 206 290 339 382 340 382 289
244 281 326 365 295 233 332 205 215 392
388 267 330 385 318 245 226 234 265 218
371 307 261 339 285 207 246 213 393 333
253 253 202 321 249 359 262 297 228 232
262 319 277 248 246 205 261 375 350 335
223 353 361 268 230 221 392 385 201 323
324 252 387 289 234 218 226 324 399 327
343 203 366 343 352 214 305 363 332 233
247 310 390 384 256 385 255 219 374 262
393 298 210 394 314 237 396 281 331 235
247 292 343 308 230 301 328 322 399 319
323 201 230 252 382 235 365 278 254 217
346 323 304 294 389 259 302 247 292 263
347 352 251 384 348 311 368 397 241 393
313 249 356 356 206 295 209 386 235 293
218 312 206 202 351 271 375 300 287 221
312 394 373 311 234 267 290 209 223 265
224 237 248 214 390 235 219 215 280 300
226 263 312 208 216 211 301 290 392 227
353 207 342 261 376 270 362 318 241 314
239 305 267 224 212 312 306 303 260 280
235 340 227 266 379 294 351 363 210 256
227 235 227 219 241 264 255 334 295 288
368 233 206 354 280 325 254 244 354 242
273 291 228 202 213 259 257 216 347 228
234 348 367 328 216 260 244 371 263 273
296 281 370 253 331 208 372 203 294 344
332 314 265 223 298 271 252 305 393 347
281 220 204 376 303 302 243 220 335 292
369 283 399 318 233 311 254 303 388 217
341 331 263 268 388 370 296 396 332 281
217 394 293 309 337 375 286 338 385 229
257 396 261 268 250 269 269 259 397 364
378 274 368 232 254 232 216 230 295 306
236 222 352 287 295 265 277 356 378 322
254 299 380 324 275 200 297 201 213 241
323 307 216 213 279 270 247 292 290 211
252 277 242 240 372 319 370 364 213 292
383 254 259 328 374 310 257 225 299 296
304 265 374 211 255 338 346 345 394 382
353 315 342 294 353 212 299 389 392 237
366 368 265 202 334 263 329 261 256 272
245 215 279 236 261 332 268 270 396 229
239 204 351 313 266 307 342 234 265 264
314 243 352 325 326 368 210 208 326 203
304 274 286 223 270 281 353 280 375 349
227 373 223 275 398 342 372 209 367 387
368 285 316 252 279 213 292 319 233 223
238 221 249 211 212 201 278 378 295 242
233 262 388 244 328 258 341 217 253 263
228 268 328 289 214 206 210 329 387 356
263 220 211 251 212 287 359 300 207 282
312 259 289 326 383 377 229 364 360 207
251 290 376 341 231 238 387 243 307 226
362 293 295 370 234 262 292 305 368 376
378 271 266 281 218 322 318 361 397 252
242 336 290 350 274 399 384 201 338 233
383 291 354 379 266 272 256 325 317 381
366 308 203 246 201 269 365 207 244 230
244 369 246 306 303 295 319 363 318 288
351 375 383 364 253 264 221 349 312 316
332 383 262 285 385 322 220 222 319 353
238 322 330 329 362 208 221 324 327 292
267 318 351 308 350 263 379 276 336 362
383 344 355 262 310 388 265 342 304 279
290 298 259 380 260 347 316 306 304 217
214 353 278 266 358 287 314 347 218 203
245 326 201 350 213 325 351 236 371 315
201 301 290 373 227 220 285 299 244 309
211 362 304 350 334 386 352 272 279 229
297 242 233 289 352 371 326 332 365 200
373 370 206 244 312 254 222 327 310 338
300 200 201 342 227 250 281 279 294 341
372 262 360 373 255 338 229 239 213 269
282 251 333 259 274 386 257 231 374 340
200 313 227 385 226 223 232 399 247 269
242 291 307 256 375 252 255 369 208 243
383 272 322 305 256 208 364 223 297 347
272 298 311 383 354 229 240 247 368 375
295 221 291 350 211 346 305 273 290 216
343 263 301 377 288 257 250 275 333 362
362 381 370 282 372 296 219 276 284 381
324 392 330 397 314 302 300 226 247 247
321 364 316 213 267 201 221 299 282 210
211 388 241 224 394 390 232 302 285 363
397 367 349 383 359 254 346 358 276 268
203 265 205 244 216 219 344 399 336 316
363 274 318 268 213 283 335 354 228 318
345 360 280 304 325 250 325 273 367 209
265 201 235 395 314 249 366 254 346 294
344 244 200 321 352 297 389 375 208 289
349 300 368 246 213 351 296 282 301 353
284 233 247 233 265 226 303 259 293 256
327 329 288 301 380 260 382 207 322 363
396 331 261 307 399 364 232 284 207 374
214 333 334 275 327 284 212 258 399 357
378 373 374 386 301 367 328 242 238 354
245 333 358 265 315 206 217 312 285 256
397 377 240 218 272 329 238 308 305 379
295 285 232 327 222 254 356 293 206 304
251 235 313 347 329 233 284 278 262 392
203 254 235 396 217 342 237 328 383 342
325 380 313 382 342 260 333 240 325 208
301 239 249 214 359 301 379 262 357 386
393 300 320 296 323 346 314 289 202 301
286 327 324 397 342 335 208 262 213 384
309 385 354 310 335 350 318 321 351 377
262 292 202 222 369 302 386 220 317 353
365 258 233 268 368 340 252 247 325 204
390 371 307 296 385 329 201 320 330 274
232 287 394 226 397 229 291 305 332 350
309 227 281 268 228 266 344 300 383 384
288 269 216 395 288 292 371 369 268 297
306 215 303 211 277 392 259 380 291 396
381 227 230 380 292 272 268 224 299 321
255 295 296 394 354 305 295 393 325 326
370 278 313 379 325 349 337 262 373 364
278 200 260 283 242 332 248 387 222 392
251 326 389 245 384 261 218 200 239 388
302 322 266 240 268 258 279 280 200 360
358 287 251 326 386 352 309 208 230 388
385 355 261 261 337 376 386 258 290 365
284 211 300 265 300 275 215 377 378 358
263 209 330 358 259 363 238 395 323 239
384 282 293 268 280 208 243 398 285 296
303 367 281 263 280 271 240 236 398 393
320 362 342 252 381 384 241 343 387 297
384 252 399 235 313 253 393 274 273 212
313 234 334 258 318 280 231 234 381 284
359 209 300 311 380 332 398 322 247 334
394 219 211 267 386 342 226 339 236 284
216 375 307 253 372 324 387 361 202 281
329 202 340 321 235 345 348 382 286 384
399 390 359 214 299 213 216 294 316 386
342 392 334 356 274 246 318 315 303 324
349 330 213 268 340 377 297 212 373 333
224 253 241 228 337 326 247 330 386 308
311 371 396 374 333 205 293 238 284 203
305 399 271 323 266 259 297 288 258 213
278 222 346 372 231 398 234 324 247 205
296 272 269 267 343 228 245 221 296 253
286 396 226 303 251 268 296 372 325 244
267 339 300 309 294 221 322 248 228 340
319 280 200 283 348 346 398 387 224 261
370 255 271 330 310 367 255 257 256 316
386 313 310 299 313 292 205 312 278 206
380 286 263 215 274 316 316 287 302 359
245 270 347 244 293 298 350 222 373 272
263 269 376 335 207 377 265 280 293 220
300 291 362 394 265 289 398 272 298 246
352 325 208 252 253 330 228 250 304 234
273 328 288 222 386 255 280 358 201 365
294 230 282 311 202 347 239 379 230 269
327 357 287 363 285 383 390 371 245 265
204 393 305 348 375 290 257 200 250 356
237 349 251 357 234 277 297 230 248 361
243 202 374 269 289 350 238 307 263 357
200 350 244 260 393 202 377 354 277 357
243 268 231 255 334 399 334 212 202 339
223 396 341 244 290 242 357 251 273 368
267 376 261 292 314 317 246 224 387 303
215 295 280 330 227 379 327 222 296 211
333 258 337 394 203 201 343 268 251 385
296 353 201 320 236 287 223 245 229 244
342 374 383 350 355 266 278 272 369 355
384 357 286 346 372 292 287 201 292 383
378 222 394 260 249 352 390 206 266 348
355 388 274 327 249 350 326 367 247 226
385 201 374 239 343 352 397 273 243 337
230 297 284 259 231 344 389 369 290 325
282 361 361 243 350 356 379 340 348 363
321 269 371 393 267 399 305 392 238 323
350 216 261 380 387 263 302 331 341 297
249 207 220 345 254 379 329 370 213 385
353 385 382 278 203 275 372 376 312 280
313 343 241 203 311 357 275 248 379 362
398 302 351 393 202 335 208 292 388 310
326 281 367 359 302 376 357 335 345 327
243 331 256 335 311 218 287 282 320 231
314 269 224 203 261 293 378 357 232 308
367 322 310 210 301 394 245 335 284 200
201 349 203 336 362 294 369 238 234 398
305 385 222 300 368 343 210 223 291 331
201 251 205 307 348 367 337 346 313 237
269 244 249 356 362 206 211 200 262 302
258 328 302 335 342 295 374 310 336 303
352 251 250 288 350 353 337 338 272 201
312 397 321 308 237 232 332 333 304 387
250 377 333 348 335 326 279 374 380 354
392 316 330 278 240 304 237 328 331 262
336 230 378 350 285 361 332 261 305 206
396 385 239 222 251 209 349 254 379 232
330 310 366 325 285 261 284 369 363 282
327 215 298 362 264 384 390 328 329 203
310 288 287 334 283 277 305 267 347 293
275 343 305 306 360 253 344 224 398 261
367 297 211 294 315 300 264 288 349 247
399 346 356 227 304 388 272 275 360 211
359 369 253 289 356 385 381 397 340 202
387 376 379 382 327 331 260 233 296 384
246 298 347 328 315 244 237 315 287 339
316 374 273 263 291 267 397 345 251 262
343 293 304 376 202 291 396 280 301 202
326 353 216 236 253 309 355 393 244 305
361 354 279 276 380 393 395 368 357 279
314 354 217 309 338 351 341 279 214 243
312 349 220 349 297 245 253 349 328 266
368 207 303 246 294 230 303 383 249 363
315 399 214 359 329 279 366 207 376 314
372 326 220 255 216 225 209 250 286 345
257 335 241 364 235 390 283 294 204 256
345 255 233 228 364 366 396 237 334 343
233 346 246 346 377 208 235 227 244 336
303 354 252 323 236 392 297 334 274 211
391 317 315 218 200 249 287 340 200 364
300 244 364 269 225 270 305 217 305 256
219 304 352 290 236 336 375 327 246 376
370 231 226 314 263 306 261 302 326 310
338 354 363 358 291 391 280 368 362 374
271 374 212 341 200 248 301 297 333 399
226 216 313 233 354 219 379 245 305 222
348 298 360 330 374 207 293 369 391 266
201 387 251 345 213 378 203 303 271 379
390 291 226 243 292 339 272 237 282 372
332 314 205 211 289 376 250 394 397 257
233 208 204 380 350 213 361 313 339 392
230 210 361 246 352 322 330 300 330 246
379 365 214 314 272 241 293 350 328 208
329 321 342 362 338 358 258 280 268 281
351 242 226 346 337 290 335 275 389 309
270 220 377 209 336 324 321 366 396 349
300 352 337 273 313 227 276 257 259 312
240 206 355 374 360 232 361 299 346 310
273 290 314 269 315 204 343 331 225 238
260 246 309 351 332 273 293 228 326 337
374 246 317 319 236 339 371 391 369 270
292 223 331 200 212 249 381 351 354 233
201 399 234 330 396 381 255 306 383 226
258 279 305 293 246 218 259 234 268 277
371 325 362 230 291 208 333 201 232 325
313 202 343 394 213 273 347 392 219 341
267 298 307 335 232 258 295 260 202 313
346 354 256 381 374 202 216 379 296 390
222 289 262 286 393 228 250 259 212 242
277 263 351 352 215 317 273 393 244 290
334 267 300 214 287 327 318 365 281 255
313 281 234 335 269 252 286 342 342 373
308 357 216 208 373 366 273 338 229 264
342 306 366 254 245 337 390 348 325 361
356 394 365 258 208 380 340 263 275 229
330 262 222 347 365 294 332 337 383 337
221 311 364 326 218 376 274 301 246 274
372 245 231 375 349 356 334 256 349 388
212 324 264 255 332 247 391 273 207 380
262 348 273 376 383 284 238 270 271 315
223 397 325 392 356 281 344 202 232 343
338 268 291 335 309 316 349 219 390 330
240 386 217 231 307 265 212 236 311 252
293 273 341 271 357 288 370 368 315 221
200 325 325 363 243 305 204 207 269 299
268 280 295 384 261 310 376 269 343 374
266 208 233 308 218 288 259 332 384 365
214 396 342 202 216 393 270 350 212 262
396 360 298 395 297 321 353 354 335 221
335 229 376 241 328 260 276 271 272 247
253 290 299 327 347 248 285 206 211 350
242 372 276 396 287 203 257 325 279 221
237 336 261 227 215 264 394 321 355 308
303 305 318 321 392 241 309 354 358 378
308 335 390 353 242 289 352 256 216 204
365 305 396 234 294 349 362 383 225 302
260 390 390 200 250 248 332 204 210 382
211 387 278 229 264 209 316 348 379 287
242 390 282 275 344 250 323 228 268 328
293 386 252 319 255 302 256 327 232 305
358 252 207 268 321 395 303 221 363 295
242 227 375 348 377 277 238 283 383 253
353 310 241 366 283 363 321 291 260 271
393 376 216 221 296 317 370 257 395 288
267 270 302 241 274 344 283 304 335 225
305 331 317 232 240 220 337 223 315 324
397 393 281 296 387 368 248 324 352 288
270 226 338 323 382 263 205 362 343 333
219 217 320 379 235 265 392 271 241 335
346 350 267 354 200 388 232 283 200 277
281 315 380 335 331 213 286 318 305 207
319 230 338 321 387 265 284 363 387 252
303 374 295 373 352 234 348 329 220 329
325 256 298 326 290 255 227 251 287 291
350 222 368 332 238 220 356 291 234 311
308 327 231 245 202 298 362 374 335 261
355 281 267 268 345 338 219 328 388 236
252 205 231 307 354 355 317 250 283 375
324 270 338 231 334 265 347 227 354 226
304 290 275 224 340 335 217 364 270 333
376 217 254 313 212 370 339 384 349 240
212 390 211 315 233 358 206 338 378 302
248 317 387 282 303 328 372 286 312 258
259 338 217 356 248 304 273 214 366 263
332 332 288 333 277 386 368 343 318 201
214 343 207 364 212 317 351 262 353 249
364 249 352 381 294 241 366 315 317 318
389 366 398 247 224 330 248 399 263 354
213 259 282 246 331 301 237 333 298 297
295 235 282 275 216 259 354 321 375 290
376 209 379 232 283 259 343 229 321 345
223 355 345 362 269 212 392 302 356 338
333 223 265 205 365 262 376 297 354 222
208 310 383 366 372 329 373 291 362 395
281 284 209 327 342 356 340 283 387 355
287 295 246 313 265 218 385 252 366 259
351 237 212 321 206 388 307 253 336 216
319 354 375 241 203 235 317 241 344 267
338 350 325 290 210 269 266 315 325 341
360 395 380 379 296 390 230 333 219 253
287 251 351 319 389 371 296 377 282 286
237 317 338 212 370 251 263 308 397 399
307 260 378 343 341 304 342 249 282 270
221 212 209 395 294 229 236 306 290 330
375 295 320 245 259 321 292 386 348 391
385 223 235 311 291 283 225 305 237 232
217 278 253 303 354 233 347 249 327 398
260 240 214 246 368 347 317 390 364 375
274 270 326 363 336 204 204 362 226 327
293 261 298 227 325 276 219 272 373 203
299 354 362 369 242 335 275 274 276 334
309 353 222 369 275 347 310 310 234 377
212 361 249 347 373 383 396 331 243 279
311 210 200 251 209 200 397 393 364 282
269 396 322 256 286 217 281 278 290 220
293 372 362 307 241 354 357 347 334 295
306 331 204 262 391 276 360 274 219 370
377 255 381 237 394 380 319 293 287 384
340 270 321 285 210 275 257 214 294 275
340 203 361 333 205 263 359 226 248 216
203 324 249 315 336 335 366 314 268 347
393 288 237 342 339 280 208 351 368 217
298 335 204 254 210 232 264 350 308 276
387 316 272 262 326 225 325 317 397 212
281 338 295 250 294 344 368 233 399 391
318 360 344 331 325 337 314 360 223 210
385 330 324 211 280 286 320 208 340 243
212 388 275 272 260 270 240 364 229 289
371 288 203 383 298 204 201 311 386 254
247 307 306 314 285 382 340 399 363 310
203 325 239 352 319 222 208 399 285 322
357 386 265 282 216 357 310 218 377 268
307 240 238 201 220 324 278 373 303 344
339 368 396 298 318 279 294 356 278 243
341 247 263 367 395 285 297 218 390 264
292 251 305 242 379 233 268 286 324 386
265 376 315 326 245 228 270 325 220 390
350 312 325 316 377 276 325 379 247 320
226 227 297 301 270 346 348 200 388 281
304 253 249 246 250 347 267 344 207 220
375 225 393 379 333 233 291 388 280 212
306 324 314 248 372 220 380 255 250 334
378 308 283 290 395 269 370 324 299 333
309 356 386 320 344 253 254 378 308 269
327 398 274 238 388 283 372 334 255 356
232 285 359 268 280 367 334 386 387 297
319 302 399 375 225 230 343 376 259 374
338 339 267 394 300 307 226 312 356 341
273 315 399 398 288 377 337 229 238 202
343 329 235 252 316 226 378 352 207 274
346 240 300 349 332 276 389 382 354 383
206 219 295 340 231 267 394 332 370 378
219 261 310 262 227 358 281 336 209 256
289 305 342 394 358 249 320 276 272 274
287 314 271 200 221 385 339 213 361 297
215 345 246 268 219 314 288 331 287 254
253 210 202 224 393 261 301 299 263 285
298 242 345 318 293 232 308 333 384 352
328 292 242 264 264 281 375 308 333 375
230 225 226 392 242 258 270 256 208 299
220 383 312 228 215 388 259 334 287 327
238 309 219 316 220 365 375 281 371 331
242 315 322 293 274 291 232 291 341 251
312 219 217 267 257 393 240 364 288 277
384 398 294 333 350 387 388 309 366 376
210 392 260 351 261 346 246 357 351 324
291 338 338 245 336 260 331 260 332 324
329 384 292 207 311 335 390 373 239 324
331 215 299 350 344 291 252 200 275 226
373 213 294 309 250 220 390 336 297 212
227 234 326 329 230 303 230 215 371 237
398 364 366 372 336 284 307 247 224 358
361 223 346 227 308 371 237 286 215 297
277 388 249 291 334 364 377 328 265 343
325 375 215 378 330 311 231 201 361 249
226 361 307 231 251 230 204 392 309 239
345 293 231 329 256 266 319 381 334 398
302 338 381 295 348 303 239 282 239 226
251 244 322 282 377 362 324 316 307 262
357 345 353 279 219 241 253 258 225 348
257 398 374 285 258 270 389 342 224 326
391 317 371 365 229 235 303 304 281 336
378 396 397 307 389 379 322 362 291 253
374 285 336 330 344 308 330 207 267 234
223 277 338 239 364 342 347 393 385 257
338 318 328 212 217 356 224 272 261 368
319 368 359 227 257 228 224 221 255 207
314 368 269 332 289 336 288 309 221 204
389 299 371 231 201 261 229 244 327 235
230 286 267 275 315 319 388 262 214 257
309 320 214 231 317 346 289 208 225 283
218 291 231 291 384 211 336 360 209 328
337 364 247 259 290 307 350 382 212 359
226 374 395 357 225 265 341 381 389 398
343 296 248 249 366 356 224 296 307 392
243 214 360 394 391 374 225 325 268 347
315 207 321 276 392 319 266 320 305 369
329 283 277 203 229 286 325 306 393 396
280 322 283 204 213 355 282 363 314 200
261 202 356 260 334 218 212 333 202 281
233 275 382 399 369 365 286 301 234 388
297 245 229 238 205 395 367 375 312 211
349 332 275 223 218 295 202 235 217 267
222 277 237 353 221 399 339 365 234 267
394 349 228 356 342 345 298 357 307 324
286 380 226 398 368 211 312 357 317 375
283 285 371 242 273 319 226 302 398 311
392 215 323 326 284 324 384 373 258 246
288 249 323 399 253 269 372 245 274 205
398 214 279 231 334 238 215 348 224 354
312 238 334 256 371 210 219 328 231 286
317 337 387 232 368 383 348 260 348 377
362 310 229 333 399 210 215 263 303 287
235 356 259 210 209 338 324 321 218 267
380 324 347 397 303 250 252 216 297 250
360 369 348 319 274 388 381 232 244 397
364 378 227 323 206 225 334 382 305 245
210 222 277 341 380 221 357 285 274 227
352 322 250 322 363 326 309 360 230 380
316 207 323 371 385 252 384 293 265 348
274 218 311 365 353 202 334 260 379 302
384 321 304 212 247 398 289 244 276 279
269 393 371 329 312 280 251 233 290 304
314 265 357 331 382 315 258 330 393 282
290 290 249 300 298 398 273 270 242 284
322 293 319 358 303 258 303 392 262 298
236 356 250 220 342 235 372 300 227 380
374 318 296 294 259 227 307 276 211 359
300 277 227 295 256 324 364 333 359 206
320 246 234 236 232 311 364 202 305 395
265 356 221 388 253 334 269 232 272 222
254 209 320 329 299 267 355 394 222 262
225 226 312 249 306 239 339 271 390 327
321 281 230 210 394 217 304 254 372 216
311 242 335 253 338 387 338 304 330 332
319 300 245 323 307 276 278 345 351 265
352 394 215 300 347 302 271 221 399 234
260 301 328 312 316 241 284 270 362 348
342 305 364 276 347 367 277 361 306 278
262 325 384 226 301 290 356 275 205 323
383 330 362 270 286 389 352 231 251 216
300 217 343 355 319 351 393 287 337 328
367 294 221 392 317 241 386 375 340 329
370 249 244 354 388 235 370 235 233 215
384 288 299 221 206 244 255 386 303 296
237 391 356 347 272 346 381 367 309 233
296 380 362 252 292 313 318 209 339 342
294 216 361 363 360 315 294 205 258 202
223 283 283 214 375 333 277 333 359 399
353 280 204 204 336 376 328 326 318 247
300 338 233 205 379 293 398 355 331 218
279 291 337 203 205 355 291 323 312 292
221 353 301 316 383 381 234 376 228 387
278 301 221 247 212 376 373 303 320 253
248 242 252 231 238 357 340 345 244 382
322 226 225 201 282 233 327 202 243 222
295 363 245 396 305 212 371 299 244 224
227 266 384 251 354 394 220 279 221 239
245 201 287 272 320 220 359 331 309 303
279 282 287 364 285 216 247 350 370 228
312 342 245 332 343 337 295 370 357 285
342 310 380 248 356 320 219 258 365 308
304 206 357 241 374 211 307 233 320 290
225 338 395 297 288 376 386 339 224 322
248 284 396 267 280 359 336 269 204 267
263 395 264 374 254 281 262 272 349 261
240 283 209 397 327 369 345 327 368 247
277 258 351 307 294 238 207 314 386 231
325 264 379 333 200 202 334 234 380 268
335 260 364 248 359 216 343 235 364 225
216 362 377 208 360 364 355 291 254 373
248 277 274 296 349 281 337 229 295 258
329 295 363 377 244 264 249 394 335 348
281 314 399 339 287 273 330 285 307 370
316 222 280 302 255 267 396 244 245 203
341 313 290 341 399 360 374 319 231 215
202 360 297 230 305 229 389 280 239 335
383 275 253 394 266 279 351 237 386 205
315 291 309 337 259 364 294 232 228 268
289 330 260 305 231 321 377 292 345 316
230 284 251 394 206 284 369 316 299 371
280 278 257 392 356 238 350 219 291 310
216 359 233 380 330 262 205 297 370 261
248 229 367 305 344 300 388 395 248 339
298 396 223 366 258 202 230 365 395 263
326 279 323 399 207 339 232 374 291 274
345 231 212 242 207 336 368 386 385 322
384 208 343 304 254 221 330 274 304 378
371 378 355 259 247 336 222 270 346 305
270 388 322 263 386 253 295 229 315 250
379 243 337 291 312 336 218 317 271 399
357 271 227 217 242 266 288 215 210 327
260 200 240 355 229 375 277 324 252 315
343 254 249 339 202 296 237 295 309 331
252 282 307 293 252 239 349 356 243 319
380 208 226 280 350 398 271 225 223 306
359 206 316 363 328 226 285 371 222 336
245 378 362 299 313 280 379 240 234 326
347 368 284 393 300 339 291 364 304 219
279 301 209 293 218 312 285 300 337 214
362 235 282 328 383 344 307 275 220 233
249 285 203 289 255 325 392 315 311 234
353 358 287 309 394 312 324 279 346 225
367 224 397 296 223 230 344 351 383 300
279 361 281 342 221 393 266 205 213 248
353 341 300 298 373 340 201 308 225 213
274 200 258 359 359 200 329 338 215 285
298 202 250 325 383 294 375 200 279 376
322 293 247 355 312 287 270 244 374 203
228 362 365 223 357 221 370 225 287 391
270 385 221 220 369 249 309 394 354 321
290 395 366 382 385 334 354 385 209 253
254 382 284 338 233 275 243 230 348 389
234 391 283 219 355 303 369 383 205 207
389 224 350 351 225 280 366 207 240 307
387 210 316 203 272 247 284 286 391 394
321 365 274 376 250 271 332 369 359 214
286 326 327 260 286 372 261 369 251 250
263 306 325 205 283 220 287 295 220 220
367 209 202 395 399 388 319 247 200 230
250 351 396 323 350 393 310 204 269 389
354 267 240 342 225 289 370 272 375 266
224 349 385 271 279 348 203 394 258 394
235 365 349 397 249 390 360 303 299 234
203 302 284 251 202 257 217 266 315 333
333 211 317 372 312 303 380 387 250 362
371 296 254 360 236 229 248 246 283 357
222 277 361 206 284 200 251 289 308 355
315 361 325 314 254 389 367 339 257 226
328 328 271 283 232 309 317 248 252 367
293 277 374 241 342 329 300 311 290 329
259 319 213 217 224 310 355 327 319 225
286 263 319 394 378 351 221 290 398 204
330 308 332 393 203 200 251 349 228 353
392 202 221 324 329 279 232 350 231 263
370 278 213 211 273 350 288 327 289 299
343 276 222 253 365 293 306 379 309 392
397 397 254 212 211 364 205 351 249 330
239 200 368 311 390 227 263 234 263 313
306 303 251 275 359 252 305 316 344 365
249 256 232 379 275 220 245 251 302 289
339 235 223 320 363 273 231 206 308 289
318 251 375 259 265 341 330 379 334 317
338 241 287 328 288 247 281 218 272 350
339 244 372 344 286 275 344 323 313 371
