12 112 49 16 116 177 34 134 114 185 3 103 173 106
81 94 44 144 185 44 144 195 51 35 59 159 15 115
94 59 159 32 21 41 30 130 21 121 39 189 36 136
11 164 93 193 195 93 61 161 25 125 22 150 10 110
160 53 171 17 117 48 148 60 15 69 169 63 58 158
168 37 137 78 158 62 94 194 7 107 22 24 124 15
48 13 113 140 29 81 162 51 151 103 92 192 4 104
128 153 55 36 16 86 91 191 47 147 56 156 76 176
8 108 32 132 18 111 35 49 74 174 22 122 135 64
60 94 194 146 23 139 81 181 58 95 195 176 87 187
72 104 158 152 55 155 2 102 152 42 142 56 156 4
22 122 5 154 86 186 3 103 25 11 155 29 36 136
21 61 161 37 137 103 105 95 195 39 139 24 65 55
112 112 23 1 101 137 76 176 64 164 182 88 188 135
36 136 12 112 176 161 82 38 187 45 145 59 159 75
196 112 95 195 25 125 25 149 30 130 51 105 73 173
83 183 198 44 2 102 35 58 158 30 130 150 51 162
23 123 26 126 18 197 34 26 53 83 43 143 33 133
58 158 21 121 126 82 182 27 127 20 132 161 146 53
26 122 36 136 91 72 172 122 103 1 101 183 13 113
46 146 89 155 53 153 99 199 96 66 166 100 143 56
190 184 22 122 54 154 151 137 68 37 79 179 23 123
93 5 105 49 75 158 87 187 149 60 160 91 191 0
185 92 20 120 0 100 160 21 121 146 67 167 133 190
13 168 153 143 44 144 5 23 123 65 165 1 101 174
184 86 38 39 28 128 82 195 96 196 68 168 37 137
85 185 81 160 177 59 159 192 18 25 125 89 58 158
57 157 58 98 50 192 199 113 6 106 58 158 5 105
83 183 160 168 22 122 92 192 30 64 84 17 117 42
32 23 123 99 199 150 38 6 14 114 190 87 67 167
36 136 47 139 27 32 132 158 26 90 86 186 43 143
97 197 185 39 139 11 111 96 196 44 109 62 122 78
52 152 1 8 71 171 192 2 102 57 36 17 91 191
160 125 51 151 32 132 89 69 19 119 8 108 154 127
96 55 155 142 42 92 192 66 166 56 65 165 62 26
39 139 148 72 20 120 141 121 71 171 21 121 155 158
184 28 128 196 104 1 70 17 117 100 57 157 33 133
36 76 176 23 123 146 63 163 181 16 8 108 124 157
17 111 96 196 181 104 65 165 69 22 73 173 54 154
32 139 80 38 138 16 116 87 157 158 60 160 28 128
126 188 19 44 144 65 165 140 33 133 35 38 138 88
79 179 192 186 189 74 60 53 153 160 55 155 33 133
96 140 44 57 10 110 197 83 183 71 171 132 85 185
116 24 124 50 150 172 87 187 95 184 88 48 148 195
88 69 83 11 111 78 99 199 76 176 97 85 185 160
131 82 8 81 42 15 115 79 179 87 187 182 97 197
15 75 175 18 118 32 132 172 174 4 104 162 127 179
5 105 15 115 180 70 20 120 29 129 105 52 72 164
31 14 91 113 39 70 170 106 60 160 2 102 27 127
125 192 60 75 175 28 141 28 128 16 116 12 112 114
87 29 129 39 139 44 144 11 58 158 132 170 14 67
10 110 117 107 142 123 29 129 83 183 97 199 57 157
36 51 137 82 182 32 132 8 55 155 131 4 104 30
91 191 18 33 47 96 165 56 156 14 64 164 83 183
89 15 18 118 59 159 13 16 186 36 136 7 53 153
77 177 177 182 94 194 38 15 175 92 192 80 180 29
64 83 124 51 94 194 76 176 97 26 126 189 0 100
130 2 102 34 134 20 141 131 162 40 140 138 46 146
137 172 77 177 118 35 32 132 10 187 28 128 32 132
48 148 186 91 87 187 165 182 77 177 31 1 41 141
153 34 134 65 96 196 86 186 26 193 36 136 81 73
117 90 190 2 63 163 178 189 77 48 148 8 108 71
58 158 165 78 66 120 73 173 79 48 148 184 94 194
45 94 193 188 46 146 89 189 36 136 180 30 130 192
35 124 40 140 115 180 4 88 52 152 47 147 13 113
39 139 196 69 169 115 30 40 108 26 126 87 187 65
22 122 36 136 1 101 42 128 79 7 59 53 35 135
101 131 151 35 135 167 32 132 92 192 12 112 130 84
7 16 116 14 114 80 180 199 88 31 12 112 151 156
99 83 25 125 91 191 27 138 39 139 56 156 194 186
46 146 62 162 107 18 32 132 64 164 31 24 145 135
87 187 93 51 151 88 67 167 60 184 26 126 50 19
120 105 195 104 79 40 52 152 53 153 44 144 24 124
94 25 150 21 136 164 17 117 95 195 28 128 37 137
68 168 185 147 171 37 137 71 171 172 106 66 166 54
25 125 120 14 114 125 158 149 84 54 154 41 141 57
55 98 95 7 87 187 37 137 8 108 65 3 103 23
89 61 161 80 76 43 143 34 99 199 83 183 153 53
180 77 177 25 125 61 153 10 110 85 105 97 16 116
175 30 130 76 86 186 8 108 6 102 147 97 197 173
59 159 8 60 160 96 196 70 116 34 134 149 10 199
36 136 61 161 165 56 161 46 146 49 52 94 194 15
78 178 102 186 199 34 134 114 157 94 61 161 90 190
55 198 57 9 62 162 175 17 70 170 42 142 64 164
145 129 98 39 139 26 28 128 163 41 141 48 148 154
169 196 80 92 192 5 30 130 109 49 7 107 86 186
134 70 170 91 19 119 89 189 58 166 109 165 43 143
12 112 123 54 58 152 32 132 129 1 101 96 196 191
82 182 116 110 39 142 95 195 53 153 161 37 60 160
58 169 44 144 163 83 10 110 53 13 13 113 12 112
94 31 175 92 192 36 136 135 107 87 187 70 170 47
198 164 3 192 165 7 107 119 66 166 41 141 69 169
17 117 35 54 1 101 84 147 2 102 69 69 169 131
188 137 25 73 5 105 28 128 75 175 159 124 61 161
168 8 12 112 21 121 12 48 124 65 29 129 54 154
145 59 48 148 31 131 72 172 141 16 116 108 83 121
95 195 94 192 61 76 191 82 182 93 68 168 40 140
140 46 146 98 198 27 127 145 59 175 113 18 60 160
50 150 124 28 90 36 136 25 125 70 170 179 137 88
76 176 12 49 149 120 25 125 85 185 161 149 171 145
40 54 49 149 134 30 59 159 84 184 113 95 195 25
72 172 116 198 65 165 89 189 156 153 94 5 105 112
180 104 23 48 148 176 90 190 18 118 98 198 85 163
63 138 56 156 110 49 141 11 53 153 63 163 53 153
128 95 89 189 93 193 169 22 122 95 16 81 181 163
73 173 129 36 136 89 85 185 145 59 33 63 163 157
128 30 41 141 131 10 110 45 61 161 9 89 41 141
117 14 114 38 138 103 37 170 12 112 41 141 182 165
122 194 144 58 158 69 52 26 126 6 106 95 195 62
151 35 135 86 186 33 133 138 119 186 1 151 69 169
78 48 98 198 157 36 44 144 60 76 176 104 35 135
72 172 31 23 123 48 94 194 192 32 117 173 21 121
18 118 61 183 81 21 121 23 123 153 17 117 32 134
62 162 137 140 134 82 155 98 198 84 184 23 123 76
56 178 68 168 94 46 76 176 88 188 28 128 61 161
72 172 199 12 112 75 175 99 49 22 65 165 189 24
36 136 110 199 78 178 29 113 59 159 162 44 144 38
75 175 3 103 158 67 80 88 188 20 175 129 95 195
74 174 37 31 131 160 23 123 31 40 52 152 166 132
191 81 181 84 184 77 177 39 163 104 82 123 50 150
21 121 24 124 185 10 110 194 19 9 109 2 60 88
78 59 57 157 27 127 41 141 62 162 122 149 83 48
3 103 47 147 25 124 39 139 75 87 152 64 164 21
93 58 158 105 128 177 75 95 195 59 159 27 127 170
12 133 16 55 155 6 37 137 21 61 76 176 87 187
34 134 15 115 147 28 128 48 82 182 45 0 146 28
4 104 8 84 184 88 188 88 28 95 138 39 10 110
49 149 14 114 9 132 67 67 108 29 129 105 27 127
174 94 43 143 5 105 77 192 62 162 24 152 13 113
76 176 196 14 114 16 116 25 125 58 142 27 186 9
60 75 175 71 113 126 98 35 135 37 137 81 181 135
59 15 12 112 161 177 1 101 85 185 48 62 68 168
118 171 82 182 17 90 190 4 21 121 0 2 3 103
37 23 123 129 90 190 63 6 106 14 57 65 165 70
18 99 199 32 51 110 12 112 110 92 192 8 108 133
55 155 81 73 173 1 182 37 164 50 150 47 147 67
133 11 111 132 54 154 2 61 161 32 132 187 187 17
47 150 124 79 179 111 93 193 84 30 51 151 44 144
52 152 4 23 123 81 88 188 108 19 80 180 124 147
55 155 65 165 54 130 137 56 144 112 23 123 28 128
53 4 104 85 185 6 23 77 177 74 116 149 58 158
86 186 75 175 66 143 74 89 189 78 91 191 107 153
43 42 42 142 15 81 35 135 92 192 57 157 192 175
38 14 81 161 3 167 94 194 40 140 66 166 9 109
9 47 147 21 46 146 64 164 77 93 193 193 109 81
96 196 98 58 158 182 152 0 79 179 12 6 106 51
37 24 30 130 29 129 34 134 154 107 57 23 123 120
67 36 22 122 119 7 107 165 186 43 143 185 65 165
60 160 177 93 38 196 64 164 5 105 36 26 75 175
36 60 160 17 117 34 182 48 138 13 113 114 78 178
85 185 130 1 113 39 139 73 31 25 125 78 178 125
91 191 86 24 4 104 135 70 170 118 15 115 191 106
48 83 183 7 107 45 197 33 64 164 14 114 6 28
40 140 82 182 33 70 170 26 96 18 26 37 137 169
9 7 44 144 50 150 49 38 138 65 165 25 153 31
34 119 44 90 190 190 19 119 69 169 160 96 49 149
80 180 104 195 64 184 30 130 112 59 159 74 174 164
91 191 151 88 188 63 103 71 165 17 117 128 78 178
31 100 186 175 10 110 54 154 51 151 179 158 64 164
169 135 97 51 82 182 59 159 77 18 118 90 190 57
80 180 68 168 27 150 131 69 169 125 22 73 63 163
158 88 188 43 143 76 50 150 158 190 84 24 124 35
61 143 23 123 22 122 16 116 166 141 68 168 12 161
98 118 97 56 19 119 44 147 4 104 41 141 61 161
87 78 16 116 36 136 47 147 48 45 13 69 12 112
94 194 111 192 60 82 89 52 152 39 139 27 127 27
55 155 98 198 10 89 189 50 146 187 117 70 170 40
1 112 80 1 101 185 27 127 83 183 82 16 116 43
18 0 100 127 72 172 59 159 77 28 113 192 61 161
153 111 49 55 155 129 25 125 20 120 150 16 116 48
98 39 139 96 196 138 21 121 113 66 54 154 75 10
91 191 71 171 42 142 32 92 192 115 171 27 120 167
32 98 28 38 95 195 88 188 149 88 188 86 30 130
52 152 139 4 104 39 109 49 55 155 70 170 194 97
25 125 13 113 33 159 145 174 196 22 122 111 25 125
27 127 23 75 175 92 46 146 112 5 19 55 155 132
86 186 12 112 110 162 25 89 169 67 167 77 177 136
93 193 184 192 11 10 23 123 59 81 20 120 57 157
58 186 115 8 108 121 57 157 126 12 112 32 38 138
92 124 33 132 115 22 122 31 131 13 113 180 54 154
92 192 24 180 38 138 57 157 115 172 63 0 100 183
31 131 182 166 129 10 21 121 137 146 90 190 8 108
109 170 15 115 93 193 43 65 103 41 141 50 91 191
4 104 64 164 179 5 105 48 148 79 52 165 101 13
144 81 77 177 78 178 40 31 131 45 145 34 196 167
45 145 72 23 123 167 83 183 34 167 106 112 11 111
78 34 42 142 194 48 25 125 17 63 163 151 94 194
31 131 66 166 88 188 44 144 160 85 156 152 161 28
88 188 35 135 46 146 151 38 138 135 112 94 170 91
132 55 77 177 44 144 109 131 88 21 43 143 87 187
8 65 30 130 4 104 185 76 41 141 134 47 28 128
26 66 166 23 123 78 178 153 46 135 24 124 34 26
35 126 29 129 196 35 67 167 152 95 91 191 68 168
101 97 70 47 147 35 135 11 111 161 61 161 150 26
31 131 11 138 3 103 137 78 79 152 9 109 55 155
98 198 119 190 75 175 1 101 146 92 192 198 127 35
52 54 154 77 31 131 116 127 13 113 181 47 147 179
188 52 152 194 148 29 129 51 38 138 1 46 146 97
181 93 193 46 133 84 87 187 81 181 43 81 181 160
105 61 161 158 48 148 86 86 186 109 61 161 119 36
139 176 60 160 137 142 64 164 91 191 56 81 23 123
19 119 114 81 181 73 93 193 57 49 165 99 75 175
9 109 43 128 105 72 172 22 122 94 132 50 44 144
95 195 62 183 73 173 131 65 165 49 149 21 56 66
27 127 63 164 13 113 110 64 69 169 178 21 121 131
20 120 123 76 176 32 95 135 108 90 190 17 77 177
62 162 162 157 2 102 183 26 126 18 83 67 10 110
129 129 89 10 110 33 87 187 0 3 103 180 37 137
41 157 55 155 32 34 134 79 47 147 65 165 63 6
12 112 107 2 102 113 184 97 197 193 3 81 181 67
155 57 157 179 58 158 129 183 39 139 74 74 50 150
30 130 0 195 193 151 11 72 172 92 192 17 117 135
23 123 71 47 42 142 36 3 103 14 114 196 128 101
86 186 187 53 153 69 187 61 161 33 148 123 70 170
23 156 20 120 96 196 3 103 139 22 64 44 144 26
69 169 189 110 81 33 35 135 154 5 89 189 92 192
110 45 145 53 153 123 11 152 106 50 150 66 166 131
108 152 74 174 9 30 2 102 169 14 39 139 51 151
99 199 7 107 1 101 16 116 115 88 93 162 55 115
134 115 144 68 168 89 132 59 45 145 60 160 67 167
29 81 98 198 9 109 154 133 59 38 138 111 86 186
186 138 8 84 132 55 155 131 39 139 93 193 17 117
154 135 74 54 127 11 111 58 158 7 107 79 179 76
18 74 174 28 128 119 97 197 182 132 94 58 158 137
186 73 173 164 91 26 6 106 3 103 7 107 96 131
131 41 145 134 64 164 64 164 92 76 176 26 54 154
35 135 95 105 5 102 161 84 184 121 15 115 15 115
12 112 142 60 160 77 38 138 132 1 2 102 39 157
167 52 152 41 141 14 21 16 116 60 103 77 177 7
47 147 25 45 145 194 8 5 46 77 67 167 26 126
110 112 151 32 132 77 177 34 196 91 191 36 136 24
161 116 104 161 46 64 4 104 23 123 75 175 16 116
128 111 40 140 97 83 183 133 45 145 72 95 195 100
170 172 21 141 92 192 61 161 29 129 102 64 164 95
144 77 177 145 53 153 4 104 66 64 164 165 9 50
40 25 125 2 198 193 41 141 55 155 182 70 26 126
192 57 157 50 40 140 72 172 14 114 53 14 114 175
31 131 12 11 111 192 19 53 75 175 37 86 186 69
41 141 137 61 140 51 151 94 114 42 84 184 93 193
81 181 48 6 106 125 74 174 94 83 64 164 114 159
29 2 102 48 192 70 170 20 120 72 80 180 104 174
180 64 164 163 88 188 67 53 153 91 191 131 41 33
183 20 48 148 8 108 13 113 8 108 156 43 143 23
64 4 77 61 161 89 189 92 28 128 6 106 166 103
72 172 64 164 176 24 50 150 93 19 57 4 104 194
55 155 134 187 20 120 66 40 140 0 70 170 57 68
95 195 70 143 38 91 29 129 134 146 9 109 29 129
85 185 164 64 164 54 50 150 186 100 91 39 139 45
26 31 131 78 178 177 135 2 102 5 42 142 24 9
2 102 59 159 70 22 122 155 97 84 132 33 133 166
150 93 193 8 108 138 68 70 170 145 94 111 54 154
91 191 54 154 64 18 118 152 67 167 15 190 55 177
90 93 193 30 130 84 159 64 134 59 159 190 23 123
61 94 147 88 188 27 2 102 86 0 100 40 37 137
132 114 16 116 95 195 22 16 116 19 75 78 178 10
65 165 194 72 172 183 52 179 90 48 49 149 78 178
66 131 88 34 134 11 111 189 55 155 12 112 56 65
142 47 147 118 30 122 1 101 102 55 155 61 161 183
98 198 47 147 49 86 186 97 3 103 89 45 15 89
73 27 67 167 159 36 159 25 125 12 112 51 151 162
35 135 68 187 72 65 165 3 103 17 90 190 22 148
98 198 59 144 31 131 124 20 44 144 77 98 198 152
132 151 66 166 106 29 129 139 11 111 28 128 7 96
65 165 57 157 102 70 170 102 109 90 190 1 60 119
32 132 150 124 123 84 184 28 128 48 107 21 121 31
7 112 194 18 118 102 47 62 162 60 160 167 69 169
68 32 132 71 171 26 30 130 46 140 2 98 198 47
154 102 145 59 159 15 115 123 49 98 198 85 185 88
181 5 105 133 104 68 168 20 72 172 20 139 38 138
14 38 138 92 14 172 14 114 2 102 71 193 71 171
75 102 22 122 141 121 124 168 46 146 68 168 55 155
66 166 150 56 156 43 150 98 133 69 42 142 33 133
195 18 72 172 62 75 175 28 128 189 127 71 171 125
112 190 72 88 60 65 165 83 183 194 35 135 58 158
138 24 28 113 147 36 136 51 32 132 48 148 23 123
114 31 59 12 93 193 78 99 199 6 106 19 119 177
111 27 127 116 30 90 190 0 22 16 116 14 9 109
0 139 39 139 91 191 95 128 32 132 170 51 60 160
7 38 138 114 107 29 129 71 171 98 23 123 198 30
87 187 199 3 103 45 145 133 194 172 198 0 100 5
9 109 173 9 92 192 60 160 46 146 91 179 101 153
8 41 141 11 43 143 186 23 123 166 51 63 163 68
141 159 83 183 199 66 30 130 29 97 197 188 54 154
38 138 63 121 43 99 44 144 121 73 173 76 176 61
18 118 57 157 20 120 101 85 99 199 168 130 28 151
1 30 130 47 7 59 159 34 134 55 12 94 87 187
65 165 119 163 52 152 192 61 161 171 22 122 92 192
158 57 157 64 164 102 99 199 54 10 41 141 127 177
3 152 79 179 151 1 101 15 115 95 195 22 168 188
128 162 46 146 91 63 163 97 86 192 12 112 26 126
38 138 173 52 152 172 49 151 49 29 46 146 82 182
28 128 125 169 96 196 42 118 65 83 183 91 191 123
197 123 39 110 83 183 16 6 106 38 138 152 22 122
130 6 106 1 31 30 45 145 94 3 103 157 63 163
32 132 17 51 151 179 48 85 121 33 133 145 7 107
109 43 171 29 129 45 77 177 78 76 176 128 97 197
50 71 171 48 90 190 93 193 178 3 103 57 134 30
132 37 137 172 69 169 120 185 24 173 12 112 68 168
70 170 136 47 147 50 150 101 71 171 153 113 146 50
126 92 192 22 122 104 74 30 24 25 125 59 159 82
160 11 111 109 80 78 60 160 86 186 18 86 20 120
154 63 163 196 24 64 164 73 173 38 111 53 153 137
26 126 24 124 187 50 150 25 84 184 148 65 94 98
41 59 109 160 34 134 80 180 3 72 172 13 31 131
87 187 193 145 26 64 164 189 50 43 88 188 43 143
78 178 199 36 119 184 47 70 170 9 109 34 134 196
59 159 154 51 151 17 90 190 182 30 130 72 197 46
99 199 76 78 178 176 23 123 0 23 123 8 153 190
107 18 118 108 81 38 138 89 189 164 174 10 54 154
8 61 161 93 193 20 16 116 35 50 150 179 109 139
91 191 55 155 152 60 111 55 15 115 188 21 121 139
25 125 188 85 55 155 41 72 172 24 124 185 52 56
3 85 185 93 193 70 114 73 54 154 190 194 79 179
86 186 60 160 136 110 45 145 61 161 29 51 110 74
163 59 159 36 26 126 120 67 63 163 42 142 30 133
59 159 97 197 37 115 67 53 53 168 68 168 38 138
195 9 96 196 54 187 94 194 5 42 142 67 167 18
69 169 70 170 77 129 16 116 150 15 115 118 14 50
138 185 16 198 92 192 59 159 53 153 82 182 35 147
25 125 182 71 171 9 88 188 1 49 81 80 2 102
74 94 176 67 167 30 62 162 46 146 190 144 13 113
33 56 156 0 72 172 32 132 17 183 96 52 152 98
14 114 66 166 94 31 112 50 150 164 127 76 176 174
86 186 43 67 167 191 19 119 12 27 127 166 34 194
165 27 127 77 177 41 123 69 31 13 51 151 20 120
94 103 39 142 55 137 11 111 18 118 85 185 29 129
193 158 24 183 51 151 9 109 78 178 54 54 154 42
163 13 2 102 10 79 74 174 97 147 42 142 6 106
136 187 45 145 11 1 53 153 81 181 9 148 94 194
90 90 190 136 43 95 73 173 19 119 119 32 26 126
125 144 49 149 172 165 124 70 170 5 105 145 7 107
8 108 45 145 32 37 137 62 58 166 81 181 70 81
50 175 11 111 164 68 168 23 140 81 181 164 2 102
162 88 31 147 23 123 91 191 58 158 158 13 113 118
126 168 101 182 50 150 83 99 199 48 148 19 119 130
40 140 116 101 139 153 55 1 101 98 198 65 39 139
108 71 171 74 174 140 138 30 72 172 64 164 52 147
92 188 23 52 152 100 1 101 11 90 190 177 45 145
138 56 156 135 71 171 85 185 91 1 164 54 154 195
163 5 53 131 46 146 88 188 144 67 167 73 60 160
146 160 96 196 56 156 50 150 118 112 58 126 14 114
138 40 140 71 171 81 29 129 189 52 152 160 56 152
149 11 111 120 19 56 156 123 64 164 40 140 121 134
34 174 12 74 19 119 98 198 84 184 186 27 127 1
63 22 122 97 39 138 54 154 60 86 186 79 74 174
8 108 147 132 97 61 161 46 146 63 180 120 83 183
22 122 24 124 81 184 81 181 153 95 192 54 154 170
142 197 181 110 85 185 174 63 163 7 13 113 10 110
192 175 65 165 185 12 112 123 86 74 174 119 85 185
143 120 7 107 68 142 58 0 100 34 134 71 171 3
31 74 174 146 17 117 34 134 130 55 10 150 7 107
176 55 155 1 140 130 59 22 122 23 31 131 7 107
94 194 54 154 121 143 98 196 85 185 193 70 170 195
167 115 3 141 70 170 120 161 37 137 6 106 7 107
89 189 70 170 48 12 42 142 44 104 15 115 8 159
77 5 105 39 133 52 90 190 79 173 94 194 23 123
10 110 54 168 92 192 11 162 196 95 195 26 126 60
18 158 71 93 193 87 27 127 150 17 91 191 39 139
42 142 79 2 102 28 128 173 185 179 42 142 120 50
174 150 16 116 70 170 143 15 72 172 167 19 3 103
106 29 40 140 9 109 174 145 21 121 96 71 50 150
69 169 4 104 132 152 75 175 58 158 144 60 160 132
79 179 19 120 80 125 4 50 150 6 106 52 88 188
151 32 132 63 163 54 154 64 41 40 27 51 151 130
180 26 126 80 145 48 148 77 177 3 97 197 146 123
69 169 197 142 80 180 45 46 78 65 165 53 153 0
5 71 18 118 44 144 50 150 57 157 75 176 132 123
71 171 64 164 62 162 60 160 5 122 97 118 193 139
86 186 58 72 122 52 152 8 108 197 105 102 15 115
103 74 174 96 196 51 151 110 33 10 37 137 104 122
51 151 89 76 176 5 105 4 104 99 72 120 65 197
67 30 134 7 107 36 65 165 48 148 94 99 16 116
18 97 197 12 112 4 103 67 167 94 19 119 89 160
82 194 90 190 95 195 14 193 77 177 97 48 148 133
195 159 89 66 166 20 120 116 40 90 190 64 164 19
163 118 6 106 13 4 29 129 75 32 132 145 30 130
61 161 43 31 131 99 196 77 57 44 144 28 50 150
21 121 57 157 72 172 129 196 82 23 123 30 3 189
25 125 46 146 31 2 62 162 176 174 67 167 183 187
88 188 149 159 59 62 162 42 142 1 101 149 81 27
73 173 88 188 12 43 53 153 17 9 162 84 184 183
88 35 189 48 148 48 148 48 148 55 61 161 61 193
30 130 52 69 169 20 25 125 77 23 69 28 86 186
134 137 47 47 11 111 78 178 77 177 83 183 122 171
66 166 83 49 149 96 196 109 198 75 114 196 99 199
5 105 35 135 157 37 137 15 91 47 46 85 54 154
11 16 116 79 177 21 121 112 104 1 101 27 11 111
22 38 138 114 45 145 38 138 80 181 59 159 73 26
102 25 125 84 61 131 34 30 130 37 137 19 119 129
93 193 114 1 66 166 49 88 188 19 119 197 55 87
33 133 163 32 132 130 149 69 43 143 76 176 40 140
3 103 136 11 92 34 134 141 93 11 111 90 190 21
5 105 2 102 170 168 61 119 154 199 4 104 51 151
180 105 36 136 51 151 29 129 58 54 13 113 105 65
8 91 191 34 20 27 127 107 87 5 105 76 176 19
17 15 144 53 111 89 189 9 68 168 45 145 59 159
48 148 16 116 134 153 6 145 185 35 135 90 190 89
108 4 104 65 36 136 158 92 192 59 10 110 183 77
5 192 75 61 80 5 105 25 125 87 187 26 126 21
80 180 122 140 6 106 29 129 167 74 54 26 80 180
174 107 21 49 149 162 157 3 47 147 43 143 91 191
47 147 48 25 125 172 77 83 35 53 153 58 158 160
9 109 102 26 162 46 146 80 180 199 40 78 37 137
194 87 8 108 170 81 24 63 163 170 45 145 87 187
191 21 121 3 170 51 20 120 47 147 79 40 140 46
161 67 167 136 11 111 74 174 117 106 87 187 138 32
94 114 33 133 98 198 29 12 2 102 154 130 47 147
58 58 158 170 28 128 86 92 192 20 196 116 83 183
141 6 106 40 140 32 132 181 166 154 40 79 65 165
23 110 164 69 169 148 97 197 174 58 158 35 85 185
95 24 124 78 178 26 27 127 115 63 49 158 35 135
8 47 147 21 163 32 132 90 181 39 41 141 19 119
123 82 108 94 194 43 143 52 152 16 40 140 164 10
65 165 92 163 35 135 30 112 34 34 134 111 29 129
22 122 121 139 68 168 97 95 195 36 61 59 159 114
38 138 154 3 103 79 105 75 175 39 13 113 81 80
63 59 86 2 35 114 33 133 27 127 46 146 76 176
51 111 49 19 119 71 171 46 146 90 190 127 106 164
143 89 189 68 168 108 50 150 121 160 42 142 127 153
67 93 9 109 142 36 136 135 149 37 137 13 113 138
58 3 23 123 60 160 9 154 69 71 171 26 43 143
4 104 165 139 61 161 190 40 63 163 54 152 79 179
77 77 97 197 1 101 90 12 112 75 180 12 85 185
89 189 182 175 61 161 27 127 43 30 173 56 156 137
57 91 191 25 125 55 34 134 0 178 41 45 19 119
99 38 138 112 39 139 127 72 14 114 102 103 74 174
11 111 119 149 97 120 45 145 54 154 16 116 46 65
45 80 128 121 12 11 111 66 73 173 39 139 61 161
117 158 5 4 37 78 178 66 166 43 143 76 176 47
196 36 101 5 105 42 142 71 171 183 185 181 47 147
139 76 22 122 11 54 59 159 148 184 31 131 77 177
58 19 4 104 65 165 41 141 192 192 26 126 134 170
137 46 146 93 193 147 58 158 14 40 5 105 33 165
96 31 7 107 125 66 166 61 161 51 45 145 124 17
34 48 31 33 133 98 198 142 187 36 136 33 133 147
117 69 41 141 87 172 27 127 168 97 197 94 12 112
195 180 79 179 82 182 127 30 50 23 123 31 131 131
114 106 44 198 52 5 105 3 31 131 7 107 83 183
93 42 93 193 20 120 64 95 195 146 130 161 93 193
43 143 39 139 144 88 188 135 55 83 183 133 163 76
40 140 38 53 153 59 1 52 152 68 168 86 107 130
125 70 98 198 179 168 43 25 1 101 69 169 95 195
123 17 91 191 95 195 85 135 11 111 84 75 21 121
38 138 32 18 193 41 141 97 197 12 174 102 80 180
155 70 170 45 145 22 122 42 161 15 115 118 187 60
115 143 6 106 84 184 46 146 155 69 65 165 7 90
14 114 33 44 98 198 81 4 104 117 57 67 167 171
57 157 60 21 49 55 155 189 139 36 136 86 64 164
30 130 92 192 53 153 54 154 194 56 173 5 124 96
151 179 66 166 147 14 114 0 25 125 15 115 102 198
23 123 132 50 13 113 39 140 48 153 65 165 7 107
178 44 142 21 98 198 26 90 190 24 124 120 34 134
57 51 167 72 58 158 40 83 183 83 183 76 176 174
180 72 172 179 43 76 176 122 29 129 29 96 49 149
84 86 57 1 69 169 94 194 193 97 197 99 199 22
5 105 116 41 141 0 68 90 183 33 133 134 17 117
124 15 35 135 144 199 88 43 143 32 55 155 97 197
16 116 189 111 25 125 37 137 15 115 12 112 141 52
51 151 119 85 185 84 57 157 21 121 98 91 80 144
40 140 79 179 50 29 129 171 67 167 12 122 118 135
89 189 36 101 74 17 94 194 160 52 152 11 42 142
45 55 155 185 122 0 100 48 148 38 125 183 3 103
132 37 128 143 86 186 80 180 29 54 154 12 93 193
98 149 16 122 57 157 36 136 49 149 153 57 157 171
76 176 93 193 39 62 162 121 150 159 7 28 128 122
121 68 32 132 32 132 45 145 11 88 37 137 66 8
138 46 146 1 51 81 177 92 9 109 28 128 21 121
131 87 78 178 22 23 123 93 80 171 7 107 70 170
27 76 85 185 27 127 95 136 92 168 57 157 28 128
22 122 6 106 183 73 123 114 164 10 110 17 117 185
80 147 54 77 177 72 172 154 177 18 118 137 39 139
168 13 113 84 193 74 115 188 30 130 19 119 0 100
23 123 21 0 100 99 199 135 80 180 126 100 171 173
162 46 46 87 107 13 113 15 115 75 175 159 97 197
147 73 140 89 189 8 108 42 142 112 32 132 43 26
154 85 185 88 180 185 116 13 113 197 27 127 40 140
99 199 10 110 87 107 47 147 69 64 8 115 19 119
142 165 23 123 144 139 102 39 139 50 21 121 85 185
52 152 107 157 37 70 170 198 47 4 104 26 126 187
78 178 82 191 28 128 157 26 126 166 175 65 165 37
107 97 3 103 185 4 104 135 96 196 37 61 161 85
55 155 10 90 190 39 169 5 72 172 17 61 66 166
117 57 157 88 188 6 106 186 54 139 164 0 67 167
56 113 88 18 118 38 138 31 199 49 149 59 159 122
5 33 150 51 151 42 22 122 31 131 157 60 160 157
83 21 121 112 148 31 131 97 197 188 176 114 80 180
63 163 74 174 89 14 114 77 25 118 14 176 51 151
106 142 67 99 199 29 129 193 78 178 84 184 164 144
81 181 96 196 115 39 139 141 29 41 141 104 124 57
93 193 184 192 109 2 58 54 154 33 133 125 49 149
144 3 103 195 41 141 8 59 31 60 74 174 36 136
182 129 86 80 72 38 138 9 109 34 134 37 7 107
10 110 85 185 105 18 32 132 156 99 199 125 31 132
110 4 104 9 109 153 139 68 168 120 108 88 188 71
16 141 37 27 96 196 124 15 115 80 180 75 63 163
14 114 97 197 21 40 8 30 144 98 198 7 107 116
177 0 100 66 166 100 156 149 5 105 28 128 196 54
48 148 54 122 10 110 124 186 143 58 158 14 13 113
163 8 108 19 7 28 128 25 23 123 3 103 36 167
175 36 136 75 175 104 153 190 94 92 192 60 160 179
190 2 102 187 177 126 147 44 144 60 160 150 36 136
42 142 11 111 72 35 86 134 72 172 30 130 197 178
42 142 158 199 0 100 186 109 3 103 73 173 104 192
37 6 10 110 174 157 99 98 198 74 174 137 14 114
20 31 131 32 132 95 195 97 130 183 130 10 110 4
16 116 33 84 184 37 86 33 133 172 36 136 199 27
167 71 171 191 16 116 56 156 191 7 107 90 58 148
8 32 71 171 41 141 145 155 17 117 119 69 169 90
63 163 7 107 87 187 182 0 165 29 129 154 166 88
34 134 24 65 58 158 57 2 169 10 36 136 72 172
46 126 39 139 144 188 185 13 113 194 55 155 89 189
47 174 44 47 147 91 191 89 67 167 14 114 58 42
11 111 49 152 198 11 111 50 40 66 25 125 67 167
13 113 11 132 45 163 33 133 11 111 4 81 29 129
164 26 126 84 141 124 50 36 136 93 193 44 43 143
42 142 2 102 81 118 31 100 109 7 107 96 196 112
4 96 196 56 156 74 84 184 58 179 86 16 94 194
56 156 162 121 87 187 10 5 105 175 81 138 31 131
186 6 105 78 21 27 127 73 173 186 69 169 14 114
23 12 112 101 52 152 39 80 56 156 167 56 20 120
60 160 149 74 166 82 182 77 177 85 191 44 144 138
22 122 82 28 129 10 85 78 178 10 110 160 56 156
81 118 144 14 114 66 94 194 24 124 73 40 40 140
157 77 127 36 67 167 95 195 134 86 186 8 70 170
55 155 88 188 183 43 143 63 51 25 125 98 49 66
145 50 150 182 53 27 127 86 186 70 28 93 193 91
82 39 18 118 17 173 29 129 156 60 160 136 38 138
82 93 98 198 90 8 150 179 50 150 50 150 39 139
16 76 32 132 81 181 26 116 134 138 3 103 86 186
34 134 139 99 169 51 151 9 23 123 1 101 190 191
96 96 44 144 98 198 58 158 93 73 123 84 92 192
88 2 136 97 55 8 108 99 82 182 85 185 96 196
197 112 67 167 73 189 93 71 171 54 154 37 137 38
83 189 57 157 78 178 64 83 190 24 47 147 96 196
129 87 187 167 56 52 152 15 22 122 35 25 125 43
81 182 64 164 64 164 2 70 170 91 191 50 23 5
150 97 197 106 102 2 102 93 143 12 112 120 10 110
151 72 172 55 61 161 131 77 177 109 80 180 48 182
129 128 190 146 24 55 155 124 46 146 66 166 92 192
111 29 129 47 147 56 156 17 9 56 156 155 184 86
126 131 7 107 55 155 43 28 128 170 85 124 37 137
183 164 96 177 45 145 40 109 96 196 18 118 40 140
88 188 114 17 174 27 127 89 189 188 24 125 92 192
111 169 72 172 58 64 164 117 174 31 131 106 82 182
86 5 105 44 144 140 171 23 18 57 157 37 137 41
20 132 8 108 195 29 129 69 169 97 197 36 27 37
92 39 99 75 175 141 91 191 33 133 76 99 78 178
57 112 66 94 41 141 187 96 196 122 78 178 54 154
67 167 59 159 13 113 178 116 60 160 8 56 10 32
117 36 136 48 148 175 180 92 192 92 182 142 14 114
83 52 19 159 93 193 99 199 99 199 189 82 182 33
108 113 99 199 49 22 93 193 22 122 53 40 140 130
49 149 100 1 101 170 19 31 131 18 118 72 87 96
185 197 75 188 42 142 8 108 120 36 136 3 15 115
111 143 33 133 135 29 122 97 197 174 42 142 24 124
78 178 170 40 140 33 34 45 145 128 55 186 20 120
66 112 47 147 92 147 86 186 7 107 28 128 156 63
40 96 22 122 172 6 62 162 97 197 59 159 79 15
18 59 159 3 57 157 79 96 52 60 160 98 198 61
46 106 28 141 61 161 89 189 112 6 106 58 38 138
68 9 57 157 21 121 64 164 39 139 106 25 75 71
92 192 159 167 19 119 77 60 90 92 20 120 52 152
10 110 52 152 40 140 47 59 159 143 192 132 111 186
193 123 85 63 163 51 151 84 184 65 30 130 146 96
44 46 19 119 190 5 105 141 61 161 47 34 134 136
38 80 180 91 191 125 73 173 63 12 179 43 60 160
71 171 183 139 93 193 117 134 139 62 162 60 160 191
1 101 78 123 174 177 38 12 112 119 16 116 61 161
77 177 72 172 81 54 147 33 133 117 59 159 52 40
62 74 41 0 100 164 11 111 57 157 47 147 180 126
177 199 23 123 160 10 110 176 89 189 88 188 127 186
18 118 97 197 56 156 67 144 55 168 48 85 185 4
141 174 160 104 47 147 52 152 151 83 183 39 88 188
169 28 128 2 78 176 33 3 103 18 118 156 85 185
182 116 89 77 44 144 99 199 157 73 81 181 77 177
108 88 188 95 195 103 164 116 66 59 159 37 137 172
18 118 13 194 32 132 139 154 69 169 89 22 122 16
137 21 121 189 66 54 154 19 119 66 166 60 132 0
88 188 198 50 72 172 81 172 17 117 137 54 154 0
32 132 46 19 119 189 162 21 184 9 109 112 12 112
18 2 14 114 162 82 40 12 31 131 45 145 41 141
193 14 114 181 61 26 126 82 97 18 74 174 69 169
166 53 99 4 104 187 22 122 88 188 6 106 199 45
68 168 7 64 164 131 50 91 191 93 193 154 171 181
59 62 162 107 19 119 95 77 58 158 195 69 28 128
73 173 92 186 196 1 101 58 158 124 40 140 129 157
37 49 149 95 93 193 43 194 91 191 19 11 111 170
2 52 5 105 7 107 97 31 131 22 87 5 34 134
58 158 6 124 50 149 92 192 177 21 7 107 43 143
165 117 33 133 59 34 58 158 34 134 75 175 50 38
5 105 143 83 9 97 197 8 93 193 68 168 56 10
15 9 52 152 66 166 62 4 104 20 120 93 57 144
166 19 36 88 43 143 57 87 187 93 67 167 69 169
0 100 36 79 129 34 57 56 156 70 38 138 23 123
193 62 162 183 6 106 37 137 70 39 65 165 113 7
21 121 102 97 197 75 34 134 18 23 99 32 132 72
125 82 79 156 83 183 68 168 108 53 58 158 19 119
70 170 134 174 148 66 166 187 54 154 19 119 116 28
13 113 64 92 64 164 155 43 143 99 199 107 62 193
179 48 148 45 145 66 166 145 100 114 135 25 125 164
39 15 115 47 8 41 68 26 126 25 45 145 24 124
53 153 154 19 96 196 44 144 163 148 30 130 8 125
28 128 159 95 195 13 25 125 77 21 121 181 62 123
199 22 122 54 154 6 106 159 76 86 144 32 98 198
137 29 129 182 31 126 58 158 62 162 181 197 46 146
70 170 24 93 193 102 50 93 193 126 109 131 71 171
60 18 72 172 118 42 142 21 121 170 73 133 84 184
113 10 110 107 55 155 50 69 169 5 26 126 26 141
39 87 187 70 170 147 75 175 31 76 22 122 4 6
51 30 130 36 164 118 97 197 168 91 191 35 46 146
85 185 10 105 137 96 196 171 54 89 189 87 187 139
60 160 45 121 106 132 41 141 53 6 106 74 174 30
25 125 51 151 39 117 103 75 175 34 138 11 111 105
32 166 41 141 29 91 191 124 126 59 159 36 94 194
20 94 77 177 24 124 176 21 26 126 46 146 128 6
136 59 159 19 119 6 106 53 101 158 69 21 121 74
172 74 174 1 192 68 168 3 103 123 187 121 42 142
88 40 37 137 192 29 129 88 188 160 172 1 66 166
44 144 69 169 152 48 148 55 155 144 197 188 24 139
85 95 185 106 58 158 197 25 125 194 58 158 34 134
56 156 76 176 83 21 119 115 9 109 187 38 138 29
106 9 82 182 102 184 95 195 92 192 115 50 150 163
56 187 188 92 192 177 99 199 173 43 43 143 23 123
90 190 74 128 180 22 61 161 72 172 63 4 104 75
119 65 165 93 193 42 142 43 6 106 21 33 150 86
66 20 67 167 73 94 194 19 87 59 159 12 2 102
70 170 114 4 104 166 38 138 172 25 63 13 113 157
167 153 29 129 27 127 90 22 26 126 19 26 126 26
78 82 98 36 189 50 150 163 76 176 86 186 95 195
39 38 158 76 99 199 20 48 38 138 74 174 77 177
170 61 161 154 67 185 60 56 156 10 110 158 12 112
80 105 137 39 175 38 138 83 183 80 180 3 89 189
68 168 58 91 191 105 30 130 175 91 191 199 66 97
82 182 93 193 26 126 30 130 171 103 87 189 47 127
47 47 147 123 35 135 17 164 189 76 47 147 99 199
45 145 90 190 42 142 97 197 173 174 174 156 0 115
62 162 93 199 50 150 14 114 176 46 173 184 84 184
47 6 106 48 148 120 51 151 72 36 144 162 60 160
172 102 187 16 116 176 152 17 32 132 84 184 83 183
61 161 45 145 42 77 177 93 193 172 155 97 40 31
23 123 14 21 135 149 37 137 27 71 171 184 86 186
49 149 51 60 45 145 11 111 71 185 81 181 91 138
52 39 139 152 53 153 131 53 153 8 108 119 40 23
193 43 136 3 103 97 25 125 13 113 60 38 138 113
112 24 124 126 160 175 85 49 149 40 140 68 168 182
67 28 128 79 79 65 165 5 97 197 169 137 17 117
32 56 81 181 113 21 1 1 101 45 10 110 33 133
4 98 21 31 131 21 121 84 184 68 168 84 87 196
187 51 151 162 16 116 68 92 144 93 193 23 123 37
66 166 24 124 59 159 129 150 68 168 25 14 29 113
128 153 159 26 126 56 156 70 37 137 36 44 144 83
66 166 11 38 138 88 157 69 169 136 46 146 99 77
12 157 54 154 128 94 41 141 35 135 92 192 29 87
2 102 195 93 29 96 196 127 4 57 157 41 141 15
64 164 6 114 9 109 62 80 70 3 74 174 89 189
68 168 90 160 123 58 158 93 11 107 67 167 52 152
46 146 3 114 160 53 2 102 22 51 151 166 25 125
36 136 131 87 187 30 130 148 0 75 56 156 102 175
9 109 80 180 165 29 41 141 86 67 167 78 66 94
76 80 180 78 178 73 173 187 143 82 182 69 75 22
90 63 163 43 143 62 116 34 134 31 49 180 2 102
47 147 78 29 11 111 68 168 146 66 75 27 127 125
183 84 184 53 153 47 147 80 51 151 66 71 8 69
17 134 76 176 6 106 167 70 166 23 123 96 53 153
13 24 124 48 114 48 148 26 126 35 135 155 168 91
177 128 25 98 96 196 51 40 140 2 102 88 188 135
36 68 49 110 27 50 150 12 112 44 144 13 113 74
162 87 187 150 74 174 86 53 153 118 87 187 157 21
154 156 87 3 103 25 186 87 187 63 163 185 91 191
101 17 117 195 40 140 71 171 29 127 2 27 127 119
98 198 52 94 36 35 135 71 171 14 114 146 71 20
10 110 53 104 53 153 133 81 181 13 174 59 159 92
140 34 134 10 110 100 85 109 76 91 191 17 48 148
11 111 46 146 20 120 36 139 0 191 89 13 113 20
33 21 23 123 11 111 13 113 140 155 19 119 35 165
161 23 35 135 43 143 99 107 43 78 178 42 142 16
80 180 52 116 159 112 73 173 60 160 57 60 160 139
27 63 163 50 150 38 41 12 13 113 122 194 22 122
38 138 56 174 80 180 75 60 160 149 41 141 165 184
48 27 103 73 173 72 92 192 19 80 180 10 36 136
63 6 106 42 142 193 102 129 65 165 22 182 63 163
24 11 111 62 162 3 69 125 71 171 187 66 166 145
10 110 190 31 85 185 97 197 127 89 109 32 44 144
141 0 26 126 55 51 151 75 28 128 19 28 128 113
84 71 171 88 188 77 117 155 84 184 80 180 116 186
99 199 22 40 52 152 22 73 173 52 22 122 127 102
91 7 24 187 20 120 35 7 26 126 45 145 11 111
191 43 21 121 47 34 134 8 96 196 117 4 104 49
86 26 126 16 116 191 45 145 198 65 153 127 71 171
100 10 16 116 104 73 173 49 149 61 161 23 46 70
143 30 130 26 126 93 170 11 68 168 66 166 4 31
115 152 182 66 166 91 191 65 40 140 115 32 132 198
25 93 193 8 108 70 149 102 66 166 0 38 60 160
0 100 82 182 23 155 47 58 99 199 7 44 51 151
156 7 107 33 133 68 168 38 138 75 35 105 92 10
102 67 167 75 175 26 43 143 35 171 74 65 68 168
154 188 76 124 97 197 141 61 161 79 179 75 175 74
35 135 4 104 62 199 188 102 90 85 9 109 66 166
51 151 60 54 154 198 34 134 69 169 108 196 123 80
2 186 60 160 12 97 80 180 52 152 180 84 67 167
189 53 56 156 22 122 39 68 40 140 92 192 18 51
45 145 91 89 189 98 198 15 115 102 116 87 26 37
62 162 118 174 188 52 152 7 23 123 39 182 53 153
11 17 117 73 34 28 144 55 155 47 147 47 147 199
15 46 146 19 96 27 127 6 106 37 93 172 93 193
30 95 131 81 181 73 60 160 90 190 96 196 184 19
145 3 103 3 103 179 96 196 41 141 47 197 182 120
59 159 15 115 167 71 44 144 193 43 21 47 70 170
137 35 0 100 77 177 38 138 29 4 104 109 185 52
94 194 65 55 155 95 195 82 182 3 177 54 111 31
115 4 104 53 153 59 159 44 60 160 171 125 13 4
165 21 122 21 121 126 25 125 63 41 141 57 157 143
5 105 19 10 110 80 180 30 95 110 21 121 90 167
130 49 149 147 134 2 26 126 53 153 115 30 130 10
85 139 55 144 12 112 7 19 119 18 118 141 38 138
103 105 34 60 160 105 21 58 158 94 194 91 191 197
183 163 134 84 184 99 199 121 31 43 143 8 108 33
61 153 48 148 69 169 91 123 71 9 109 77 18 118
38 138 81 61 161 32 132 195 45 81 181 167 13 199
36 136 177 24 192 68 168 80 91 96 196 16 116 18
10 52 33 133 61 161 59 159 63 35 92 192 186 184
1 50 150 45 145 81 181 79 179 170 195 40 139 58
18 32 132 45 21 121 12 112 184 80 68 168 198 41
15 115 11 111 95 195 24 2 125 67 11 87 187 12
58 158 74 74 70 161 85 185 29 129 149 193 49 149
56 156 46 146 65 131 24 57 157 100 137 50 150 177
68 168 15 115 89 41 1 101 82 69 79 179 168 49
43 143 57 157 70 170 93 54 159 109 30 69 90 190
20 120 1 101 0 100 24 124 92 89 199 79 5 160
125 15 115 88 188 116 111 4 43 88 188 32 132 180
98 198 43 143 108 37 137 158 158 112 132 56 156 31
140 107 114 79 88 32 132 58 17 117 10 110 28 128
105 45 194 72 172 32 8 108 76 176 0 100 0 109
25 85 185 27 127 83 78 40 140 96 196 25 31 122
10 134 128 2 102 2 102 9 109 0 179 57 65 165
137 28 128 185 22 122 91 25 125 32 132 41 91 59
139 193 44 144 88 188 91 191 169 59 90 190 70 134
18 118 126 37 23 123 94 95 195 74 174 90 145 46
53 153 150 61 97 197 161 64 164 195 94 150 71 171
76 15 50 150 39 44 144 21 110 52 152 0 45 145
88 16 20 120 36 53 153 175 46 128 48 148 77 177
116 11 111 148 33 133 154 74 174 109 6 44 31 131
53 153 60 160 64 134 35 135 121 61 151 89 189 6
135 8 108 47 147 177 31 89 189 56 152 70 71 171
160 191 78 178 23 123 46 2 57 157 146 96 1 101
26 56 156 68 70 170 171 73 56 156 67 55 155 127
27 80 180 22 64 164 145 107 98 198 33 133 80 49
27 127 56 11 111 110 13 113 64 79 179 163 97 88
156 18 118 41 141 67 167 23 123 46 98 56 127 122
14 114 50 150 63 163 187 144 166 6 147 17 117 157
140 73 36 96 196 98 198 139 144 151 97 197 53 153
31 131 9 109 27 10 21 152 59 159 128 13 36 136
66 7 107 145 105 31 131 38 138 145 55 155 41 176
100 150 105 62 162 111 79 178 98 198 43 143 79 179
15 28 170 38 138 88 27 127 138 74 174 53 78 178
31 93 97 30 130 15 115 38 142 19 119 66 166 40
98 198 190 7 34 134 7 34 96 6 106 67 22 122
110 16 86 186 40 173 53 153 82 41 141 148 39 139
45 145 178 147 185 65 56 156 168 118 63 163 78 178
193 70 170 95 195 47 125 170 26 61 161 84 184 18
15 115 4 104 23 11 111 88 188 175 170 50 65 155
9 51 151 18 165 64 15 115 26 126 76 39 139 186
31 131 156 7 86 61 161 139 44 172 70 170 60 160
37 108 81 32 132 121 152 41 141 21 121 123 78 178
89 95 195 29 129 177 81 181 75 175 132 35 135 12
17 10 110 72 27 127 119 10 110 164 24 124 147 132
157 8 151 0 100 85 185 74 174 19 119 152 25 82
44 72 75 180 25 125 70 170 37 137 119 73 7 107
41 141 46 172 114 195 36 136 161 5 105 15 8 108
7 38 138 96 196 38 138 184 108 194 55 163 45 145
1 25 2 102 119 37 137 42 11 111 37 137 58 52
17 117 188 86 144 186 48 148 89 189 70 12 112 156
126 61 161 11 111 170 40 140 96 88 79 138 87 187
85 68 168 94 194 28 128 173 100 121 127 0 21 121
6 106 44 144 3 103 175 191 148 171 46 146 48 174
44 190 73 173 136 81 18 42 142 7 107 96 196 39
95 195 139 58 158 94 180 116 115 26 126 72 53 153
138 176 81 15 115 86 186 46 43 47 147 33 88 188
13 113 196 20 120 15 1 101 82 182 33 34 95 80
97 16 116 190 31 131 42 46 164 39 139 94 194 71
103 166 67 167 53 153 85 12 112 44 85 17 117 186
159 58 175 24 124 82 182 15 164 89 189 32 53 153
98 198 91 57 62 162 20 25 2 102 83 75 37 137
54 39 139 61 161 11 111 139 48 10 110 161 64 77
128 84 99 86 186 101 91 191 55 155 42 142 28 22
38 35 135 97 197 31 169 50 150 181 161 99 199 13
63 163 197 79 52 90 190 90 31 131 56 180 58 158
68 35 135 20 21 121 118 38 167 55 155 46 146 196
94 38 67 72 67 3 103 39 139 85 185 82 182 60
1 25 125 86 186 18 118 83 177 67 102 97 197 165
46 146 90 8 33 133 80 180 111 30 72 61 161 112
74 68 168 98 15 59 97 49 149 71 171 7 53 153
124 44 25 125 60 160 91 24 137 80 180 70 33 133
28 27 161 28 128 134 8 108 55 155 139 66 166 131
29 117 148 13 113 42 142 98 198 155 40 140 42 89
117 34 134 179 197 64 164 173 41 141 106 71 171 56
136 65 93 193 177 113 45 145 194 64 164 97 197 123
153 96 196 136 48 148 57 94 9 96 196 11 111 3
32 132 46 146 48 25 17 32 17 6 106 80 180 122
177 46 146 11 111 70 82 131 49 149 95 195 107 11
138 78 178 23 123 113 24 124 181 91 81 73 50 150
74 174 53 153 169 75 175 55 102 60 106 28 128 164
42 142 120 42 142 74 179 23 123 26 126 87 94 67
162 166 80 180 79 179 41 141 124 120 74 9 109 177
58 158 49 42 20 126 64 164 97 197 56 137 78 178
5 105 119 97 197 98 198 15 19 119 70 170 78 81
31 131 4 93 198 93 98 97 197 49 149 17 117 126
97 197 161 112 40 140 157 44 144 2 187 90 190 129
1 101 171 31 131 129 88 0 100 76 176 44 105 87
177 2 74 174 43 143 160 77 177 84 114 156 43 143
78 178 191 196 5 105 104 44 144 161 91 191 112 104
33 133 144 84 184 0 138 21 121 92 27 127 98 69
7 107 8 108 132 31 131 97 107 66 166 99 126 149
118 4 104 80 69 60 160 81 120 61 161 65 35 135
45 60 160 157 27 127 59 166 121 48 148 63 163 54
19 119 70 38 17 117 147 76 176 169 83 183 151 58
12 112 142 159 43 143 54 154 131 165 164 136 1 101
166 25 125 150 181 179 88 188 123 69 169 28 128 170
63 163 44 144 194 49 18 118 69 169 7 69 114 195
6 106 186 86 186 11 135 68 168 176 21 121 40 32
140 190 151 80 180 64 164 95 37 180 85 185 1 101
105 78 178 87 187 13 113 175 7 89 189 176 113 72
54 154 24 73 173 28 128 31 131 180 176 162 44 86
146 88 188 70 170 135 21 121 5 105 130 5 88 32
108 80 180 55 155 32 132 165 143 91 191 116 50 31
77 177 66 166 83 22 82 147 41 141 78 89 32 132
5 105 32 132 48 148 85 18 118 54 96 137 80 69
97 54 154 198 40 185 127 165 69 169 97 197 33 133
98 198 5 99 52 63 163 89 189 77 149 79 44 144
38 138 38 138 31 131 149 130 100 2 190 34 41 141
32 132 42 193 30 29 129 3 135 3 103 96 53 153
188 196 36 136 10 124 71 171 74 12 112 61 24 124
187 109 105 28 128 4 104 152 47 147 194 89 189 103
105 68 168 24 124 35 63 171 96 196 54 154 75 133
80 12 112 167 43 143 91 191 94 79 179 8 177 193
53 153 46 29 129 193 51 42 142 8 108 57 137 107
183 14 173 181 57 157 157 51 151 132 43 143 25 125
172 113 151 175 96 196 62 162 23 17 117 3 103 104
16 116 11 111 80 1 101 136 27 44 19 39 139 30
46 146 71 107 5 84 184 89 196 18 118 98 53 153
63 163 140 71 64 2 102 73 173 144 143 174 94 194
159 86 66 166 17 117 15 115 31 132 47 9 109 151
133 106 181 32 132 49 183 72 172 5 105 92 192 83
198 7 23 123 5 105 93 193 18 163 48 148 185 148
84 184 127 144 169 41 141 102 39 139 65 145 19 119
173 61 161 43 143 122 1 196 153 58 158 11 111 162
33 52 152 60 160 148 194 69 169 126 7 107 103 164
78 178 92 126 63 163 19 10 110 196 55 47 147 99
68 168 59 3 69 169 179 116 176 30 15 115 62 162
2 102 43 143 19 31 131 115 9 5 105 146 1 156
61 138 13 113 123 155 151 116 5 105 54 154 35 135
46 146 6 106 172 56 156 34 134 163 23 110 101 139
178 42 142 107 8 108 68 168 20 120 135 119 48 82
84 184 96 3 37 137 2 102 87 141 52 152 95 20
98 198 27 30 2 173 19 119 170 25 125 103 53 153
61 161 27 103 75 175 79 165 70 170 30 40 140 193
97 197 51 151 36 136 78 90 80 180 135 7 76 153
75 175 20 120 40 134 20 120 3 176 50 150 146 29
48 97 81 181 82 182 1 28 75 175 58 158 156 110
163 47 34 134 15 128 11 66 166 60 160 67 167 16
28 128 128 140 122 0 61 161 107 91 191 59 159 194
35 135 7 55 12 14 3 18 118 183 8 108 33 133
91 191 139 76 176 34 18 118 15 115 62 76 15 32
3 23 123 12 3 103 183 158 56 172 5 105 84 184
2 6 106 12 112 94 194 63 163 121 152 162 169 21
168 42 142 46 19 119 174 38 138 47 147 152 171 81
160 76 176 37 156 196 199 198 79 179 85 185 60 160
73 97 197 28 82 91 191 133 1 101 91 84 184 57
15 154 185 84 39 139 31 131 86 186 38 6 49 149
181 58 158 46 31 131 109 88 191 7 107 74 174 121
79 179 90 190 144 178 104 53 153 84 119 98 198 29
77 120 19 112 166 158 14 114 64 164 38 138 74 174
86 114 87 187 6 106 18 20 120 120 95 22 122 30
58 32 132 197 115 171 30 130 74 174 185 97 197 154
91 191 72 99 35 135 24 159 31 131 135 77 2 102
85 20 16 121 13 42 142 54 154 195 71 171 57 157
138 67 118 79 49 149 180 2 102 49 149 2 102 148
121 107 186 15 115 39 139 145 53 153 163 31 131 173
60 160 154 34 72 172 1 136 39 139 190 76 176 155
28 128 118 84 15 115 73 43 143 81 48 91 57 157
74 174 0 100 44 149 126 64 17 52 152 31 53 153
178 101 33 157 51 151 65 165 1 101 89 189 106 163
169 52 152 54 81 0 100 80 136 95 195 68 168 27
192 6 38 138 73 98 198 193 99 199 119 11 51 151
35 135 92 192 18 3 150 118 95 195 74 65 165 144
58 158 128 93 151 46 146 169 96 196 141 195 12 112
137 78 178 10 110 69 169 196 36 132 29 129 138 6
47 93 65 165 194 74 174 50 14 114 65 111 77 177
177 22 122 22 135 24 124 185 184 86 186 72 172 196
62 95 139 33 12 112 20 120 198 91 191 67 72 172
194 27 127 68 168 4 104 95 145 30 163 19 24 124
88 36 31 107 9 109 154 110 18 118 45 145 62 162
99 95 195 79 179 34 84 21 38 138 78 178 164 75
36 136 99 148 126 99 51 151 153 56 156 1 101 113
141 98 76 186 44 144 56 34 134 27 127 90 190 14
28 16 116 64 86 186 71 108 97 58 158 16 24 124
135 3 103 74 87 187 7 107 49 60 160 14 124 100
31 131 59 79 179 49 149 20 73 173 13 105 83 139
50 150 146 31 65 165 22 122 66 166 88 60 85 161
23 123 167 102 97 197 50 150 32 186 193 142 60 160
47 147 1 64 30 130 95 195 187 17 70 170 162 121
47 147 73 68 31 131 33 133 59 123 32 119 31 131
17 117 48 109 87 187 126 179 92 192 48 85 185 70
81 80 41 141 189 39 139 82 182 60 160 78 146 128
11 0 50 150 16 162 94 194 85 185 60 160 177 183
195 31 131 84 44 144 84 184 79 179 152 158 56 75
9 109 40 11 112 99 37 106 88 188 3 103 90 190
65 165 38 138 184 80 180 82 64 171 58 50 150 169
155 65 136 127 55 155 87 187 124 90 190 114 22 122
7 42 142 127 113 78 178 175 83 183 176 102 57 157
95 195 83 183 152 100 108 77 77 177 75 92 11 111
0 64 164 42 142 73 91 191 85 143 116 24 124 154
12 112 164 29 93 193 36 136 90 22 56 180 85 185
153 21 113 195 65 1 101 61 161 38 138 52 25 125
28 119 70 13 113 57 157 165 63 30 130 146 3 103
25 125 2 102 70 78 79 179 153 112 181 44 35 135
4 65 165 25 125 47 19 11 111 145 45 145 179 194
38 113 38 138 13 113 61 161 109 27 129 173 81 181
136 174 33 133 21 7 53 153 199 71 21 121 65 165
84 70 170 78 178 4 53 153 32 138 134 87 187 18
80 44 144 17 117 17 117 45 145 31 113 124 138 134
40 140 144 23 123 157 69 169 45 57 77 98 25 125
104 81 181 72 172 143 55 28 128 81 69 169 27 146
98 198 25 27 127 97 197 130 123 7 1 122 91 191
181 30 130 68 84 120 78 178 146 57 157 53 153 83
62 162 0 100 166 6 128 75 121 187 1 101 38 138
38 138 193 32 3 103 21 121 178 95 137 87 10 110
142 12 112 95 195 184 82 12 112 189 35 135 125 3
137 103 25 125 22 75 175 16 116 124 102 197 44 144
84 184 20 55 155 15 115 170 48 183 197 18 118 17
119 137 115 66 166 26 126 161 103 173 36 136 7 107
17 117 19 88 97 197 30 71 33 133 191 146 27 127
34 134 163 4 104 41 24 124 11 111 178 186 22 15
28 128 11 39 42 68 168 18 118 96 29 129 165 132
91 31 131 140 67 98 198 134 8 108 6 106 24 160
132 31 131 131 2 50 150 17 117 0 100 148 26 20
33 31 3 0 100 88 188 101 59 159 120 12 112 142
70 170 15 141 169 75 175 145 115 192 49 149 39 139
197 90 190 19 119 52 152 128 83 63 128 193 91 191
79 39 68 52 75 175 144 79 179 99 199 61 161 133
59 159 114 60 172 44 144 58 56 156 93 6 106 2
92 113 7 107 45 145 116 13 113 16 100 30 130 190
56 156 72 172 96 5 13 113 147 107 78 9 109 180
1 101 30 130 17 117 16 26 126 35 71 167 140 134
172 43 143 26 191 82 182 99 199 115 52 170 38 138
159 72 76 176 43 45 145 187 15 93 68 168 8 108
79 179 87 187 187 23 123 55 19 119 105 148 64 52
165 85 185 43 82 193 84 184 89 14 114 131 19 119
33 85 185 102 42 142 152 192 77 81 181 61 161 108
55 155 198 92 192 20 115 108 55 155 39 139 123 164
19 119 33 133 179 75 175 55 155 110 89 1 57 141
80 110 70 170 20 120 162 129 82 182 139 9 39 139
35 135 31 131 78 178 199 40 154 58 111 41 141 179
2 102 49 149 170 137 94 194 38 126 139 22 122 3
51 151 174 85 185 6 106 119 157 97 112 31 131 181
106 46 112 61 73 173 38 138 198 94 194 52 152 18
15 115 59 159 163 61 137 67 17 178 92 192 8 108
66 145 88 188 117 180 96 196 11 111 107 86 41 141
86 139 72 172 125 51 151 80 180 190 9 109 162 48
188 103 1 101 75 175 80 176 128 3 103 51 151 155
18 118 180 199 16 99 10 53 153 10 110 67 167 121
56 156 64 164 39 139 62 162 64 156 102 1 150 165
57 157 159 42 142 154 20 120 26 169 35 135 54 133
149 3 103 70 25 80 180 103 151 38 138 180 12 112
56 77 177 84 184 73 129 3 4 104 176 62 37 137
18 178 76 176 65 165 68 84 184 127 148 118 32 132
164 28 128 28 109 86 186 15 115 104 144 147 32 132
18 118 23 123 44 156 103 83 183 165 81 181 41 147
89 189 67 38 138 44 144 142 33 133 7 148 43 193
93 193 154 38 138 98 198 66 166 109 24 53 170 72
18 151 46 168 8 108 55 155 87 187 48 21 121 133
177 26 126 25 125 68 168 22 96 196 180 169 46 182
49 6 133 75 175 61 161 181 99 25 125 92 192 165
117 99 47 147 59 159 69 131 84 184 116 17 117 77
75 175 12 81 181 36 136 103 71 124 96 196 85 154
9 181 81 181 51 151 1 66 166 4 30 100 47 147
117 30 69 169 4 68 168 24 124 113 2 102 39 190
157 20 23 123 122 68 92 49 149 25 125 171 28 128
17 117 85 35 135 36 136 166 26 164 38 125 99 199
107 87 187 199 23 123 195 194 80 180 188 77 177 59
152 163 49 149 43 143 137 184 59 159 3 53 153 186
31 131 70 170 42 142 74 49 171 49 73 43 22 122
51 170 128 23 123 78 178 85 185 45 17 117 67 106
125 144 6 106 41 51 151 147 42 52 152 29 129 38
181 100 59 159 132 79 179 64 4 104 8 108 136 92
93 76 58 158 108 30 44 54 154 158 80 180 14 114
31 131 169 26 52 28 128 169 41 141 158 36 136 34
33 73 173 179 162 187 110 85 185 178 62 162 27 127
122 135 84 184 185 165 92 192 159 68 6 106 48 148
27 127 199 118 67 48 148 93 20 120 135 111 15 115
2 22 85 2 102 14 114 187 5 1 101 95 57 157
119 89 189 28 128 46 18 82 4 104 35 11 111 142
105 5 105 20 62 92 31 131 20 120 158 20 120 137
143 59 159 60 6 106 15 115 138 53 153 181 7 94
66 91 191 95 195 21 132 71 136 28 128 10 21 121
174 58 158 162 62 162 60 71 37 137 47 147 75 141
59 76 181 41 42 26 126 95 195 80 6 106 56 156
30 130 176 83 183 76 80 80 180 52 152 197 18 6
20 120 152 14 114 40 48 148 39 139 197 33 103 137
135 72 172 189 50 37 137 67 167 172 80 180 87 139
