412 249 416 377 434 314 385 403 373 306
281 294 444 385 444 395 251 235 459 415
294 459 232 221 241 430 421 239 389 436
211 364 493 395 293 461 425 222 350 410
360 253 371 417 448 260 215 469 263 458
368 437 278 358 262 494 407 222 424 215
248 413 340 229 281 362 451 303 492 404
328 353 255 236 216 286 491 447 456 476
408 432 218 311 235 249 474 422 335 264
260 494 346 223 339 481 258 495 376 487
272 304 358 352 455 402 352 442 456 204
422 205 354 486 403 225 211 355 229 436
221 461 437 303 305 495 439 224 265 255
312 312 223 401 337 476 464 382 488 335
436 412 376 361 282 238 387 445 459 275
396 312 495 425 225 349 430 251 305 473
483 398 244 402 235 458 430 350 251 362
423 426 218 397 234 226 253 283 443 433
458 421 326 482 427 220 332 361 346 253
226 322 436 291 472 322 303 401 383 413
446 289 355 453 499 296 466 300 343 256
390 384 422 454 351 337 268 237 479 423
293 405 249 275 358 487 349 460 491 200
385 292 420 400 360 421 346 467 333 390
213 368 353 343 444 205 423 465 401 374
384 286 238 239 428 282 395 496 468 437
485 281 360 377 459 392 218 425 289 458
457 258 298 250 392 399 313 406 458 405
483 360 368 422 492 230 264 284 417 242
232 423 499 350 238 206 414 390 287 467
436 247 339 227 432 358 226 290 486 443
497 385 439 411 496 244 309 262 322 278
452 201 208 471 392 402 257 236 217 491
360 325 451 432 289 269 419 408 354 327
296 455 342 242 492 466 256 465 262 226
439 348 272 420 341 321 471 421 355 358
384 428 396 304 201 270 417 300 457 433
236 476 423 346 463 381 216 408 324 357
217 311 496 381 304 465 269 222 473 454
232 339 280 438 416 287 357 358 460 428
326 388 219 444 465 340 433 235 438 288
479 392 386 389 274 260 453 360 455 433
296 340 244 257 410 397 483 471 332 485
316 424 450 372 487 295 384 288 448 395
288 269 283 411 278 499 476 297 485 360
331 282 208 281 242 415 479 487 382 497
215 475 418 432 372 374 404 362 327 379
405 415 380 270 420 429 305 252 272 364
231 214 291 313 239 470 306 460 402 427
325 392 260 475 228 341 428 416 412 314
287 429 439 444 211 458 332 370 214 267
410 317 307 342 323 429 483 297 399 457
236 251 337 482 432 208 455 331 404 230
491 218 233 247 296 365 456 214 464 483
289 215 418 459 213 216 386 436 207 453
477 377 382 494 238 215 375 492 480 229
264 283 324 251 494 476 297 426 389 400
330 402 434 220 341 331 362 440 338 446
337 372 477 318 235 432 210 387 428 432
448 386 291 487 365 382 477 231 201 441
353 434 265 496 486 226 393 436 281 273
317 490 202 463 378 389 277 448 408 271
458 365 278 266 320 473 279 448 384 494
245 294 393 388 446 489 436 380 430 392
235 324 440 315 380 204 288 452 447 413
439 396 469 315 230 240 308 426 487 265
422 436 401 242 328 279 207 259 253 435
301 331 351 435 367 432 492 412 330 284
207 416 414 480 399 288 231 412 351 356
299 283 425 491 227 338 439 456 394 386
446 462 307 218 432 464 231 224 345 335
487 293 451 288 467 260 384 426 250 219
320 305 395 304 279 240 452 453 444 424
294 225 350 221 336 364 417 495 428 437
468 385 347 371 437 471 372 306 466 254
425 320 414 325 358 349 284 454 441 257
255 298 295 207 487 437 408 265 403 223
289 461 280 276 443 234 499 483 353 253
380 477 425 261 353 410 285 305 297 416
375 430 276 486 408 206 302 347 497 373
459 208 460 496 270 316 434 349 210 399
436 461 365 256 361 446 249 252 494 215
478 302 386 399 434 314 357 294 461 490
255 398 257 209 462 375 217 470 442 464
345 329 298 439 226 428 363 441 448 354
369 396 280 492 205 430 309 249 407 486
334 470 291 419 489 258 366 309 365 443
412 323 254 258 352 432 329 401 496 391
482 316 310 239 342 495 453 361 237 460
258 369 444 363 283 410 253 213 413 412
294 231 375 492 436 335 307 487 470 247
398 364 203 392 365 407 319 466 441 469
417 235 254 401 284 347 402 269 469 331
388 337 225 273 405 428 475 359 324 461
368 208 412 421 212 248 324 265 429 454
345 259 448 431 472 341 416 308 283 321
495 294 392 261 276 391 482 293 468 440
340 446 498 427 345 259 375 313 218 460
450 324 228 290 436 425 470 379 337 288
476 212 449 320 425 485 361 349 371 345
240 254 449 334 230 459 484 313 495 225
472 316 398 465 489 356 353 294 405 312
380 304 223 448 376 490 418 498 285 363
263 338 456 310 249 341 211 453 463 453
328 295 489 493 369 422 295 216 481 363
473 329 436 289 485 345 259 233 463 357
328 230 441 331 410 245 461 209 289 441
317 414 438 303 237 370 412 441 382 365
322 394 344 458 269 252 426 406 495 262
351 435 486 433 338 319 386 201 351 469
278 248 498 357 236 444 260 476 304 435
472 231 423 248 494 392 232 317 373 421
418 261 383 281 421 423 353 417 232 334
462 337 340 334 282 355 498 484 423 276
256 378 468 294 246 276 376 488 428 461
472 399 412 475 299 249 222 465 389 224
436 310 399 478 229 313 459 362 444 238
475 403 358 267 280 488 220 375 329 495
474 237 431 360 423 231 240 452 366 332
391 481 484 477 239 363 304 282 323 450
421 424 385 410 394 219 409 202 260 288
278 259 457 427 441 462 322 349 283 248
403 447 225 324 439 275 287 352 464 221
293 458 305 328 377 275 495 459 427 370
212 333 216 455 206 437 221 261 476 487
434 415 347 428 248 482 245 200 346 228
404 208 484 488 288 228 295 338 239 410
449 414 209 332 267 267 308 429 305 427
374 294 443 405 277 392 462 224 352 413
476 396 414 416 425 258 342 227 386 209
260 475 271 313 326 298 435 437 481 335
259 215 412 361 377 401 485 248 262 468
318 371 482 217 490 204 421 200 202 403
237 423 329 490 263 406 214 257 465 270
218 499 232 251 310 412 310 492 408 333
455 281 473 201 382 237 364 450 447 267
333 411 332 454 202 461 432 387 387 217
247 350 324 479 311 493 284 230 451 444
452 204 423 281 488 308 219 480 324 347
455 465 254 330 337 256 344 312 423 428
253 404 485 206 223 477 274 316 349 458
486 475 266 343 274 489 278 491 307 353
243 242 442 215 281 435 492 457 392 375
238 214 281 361 203 367 494 440 466 409
209 447 221 446 464 277 493 393 309 281
496 298 458 382 352 200 479 212 406 251
237 224 430 429 434 354 307 257 423 320
267 236 422 319 407 365 386 443 385 465
460 377 293 238 396 464 405 236 226 475
236 460 417 234 382 248 338 413 314 478
485 330 201 313 439 273 231 425 478 325
491 286 224 404 335 470 318 415 391 306
248 483 407 245 397 233 464 414 206 228
440 482 233 470 226 296 218 226 437 369
209 207 444 450 249 438 465 225 353 231
234 319 244 490 390 419 469 360 296 449
480 304 395 264 384 430 312 459 474 364
491 351 488 263 303 271 365 417 328 478
231 300 386 375 410 454 451 379 358 464
369 335 297 251 482 459 277 418 490 257
480 468 227 350 331 469 325 222 273 463
358 488 443 276 450 358 390 284 424 235
261 343 423 422 416 366 341 468 212 361
298 318 297 256 419 244 347 404 441 461
287 278 416 436 447 248 245 213 269 412
494 311 392 260 282 289 452 439 427 227
455 498 210 489 250 346 387 317 470 240
201 312 280 401 385 427 483 282 416 243
218 400 327 472 459 277 228 313 392 461
353 311 249 455 329 425 420 350 416 248
298 439 496 338 421 313 266 454 275 210
491 471 442 232 492 315 371 227 320 367
232 298 228 238 495 488 349 488 286 430
452 339 404 239 309 249 455 470 394 297
425 413 233 359 345 374 396 422 311 425
427 223 475 292 446 312 205 219 455 332
486 412 310 362 225 289 369 467 477 336
493 384 392 211 210 423 259 281 420 457
258 386 315 408 321 457 326 412 232 438
292 324 233 332 315 422 431 413 380 454
492 224 380 438 457 315 372 263 400 383
431 382 366 329 210 421 337 346 490 408
309 370 415 493 243 265 303 441 250 491
404 464 379 405 448 279 252 365 301 213
344 281 477 478 240 431 445 234 396 367
445 272 423 367 483 234 367 306 312 411
278 234 442 394 248 425 217 463 351 494
431 466 488 444 360 285 356 352 361 228
488 435 446 351 438 335 312 294 370 291
332 255 477 444 309 331 288 221 443 487
208 265 430 404 385 276 441 334 247 428
226 466 423 478 353 246 335 424 234 226
235 326 429 396 235 467 352 295 491 468
301 297 270 447 435 411 361 461 350 226
431 211 338 403 337 278 279 352 409 455
498 319 390 475 401 346 492 398 327 235
252 454 277 431 316 327 413 381 447 379
388 452 394 348 429 251 438 201 446 297
381 493 246 333 284 487 481 243 481 360
305 461 358 448 286 486 309 461 319 236
339 376 460 337 342 464 491 256 281 423
419 314 481 273 493 257 249 365 299 475
409 243 328 305 472 422 294 332 250 444
495 262 383 473 331 465 449 221 256 266
427 263 364 413 310 264 469 378 421 331
420 323 476 232 295 335 308 490 217 477
462 362 357 402 383 426 218 283 267 410
329 329 289 410 233 487 200 403 380 437
241 357 455 232 434 279 447 465 263 206
412 307 402 313 384 497 393 203 481 267
355 457 379 458 329 383 439 274 274 450
430 200 395 393 351 211 472 492 417 335
423 271 247 442 236 403 414 396 328 301
486 387 453 269 387 461 233 348 323 470
223 356 420 496 403 339 222 264 444 226
469 389 310 281 233 435 354 205 489 492
310 445 453 323 211 352 306 450 466 331
308 352 474 209 230 402 369 214 439 451
499 407 401 416 315 288 293 362 255 315
334 315 344 468 289 332 259 445 460 467
229 281 498 409 354 333 259 438 311 486
386 338 208 284 332 455 331 439 493 417
354 335 274 254 327 411 458 407 479 276
218 474 428 319 497 382 332 294 458 337
386 473 364 291 226 406 403 407 296 331
331 241 345 334 464 464 292 476 226 454
435 295 305 205 302 361 484 321 415 415
412 342 460 277 438 332 201 402 239 357
367 452 441 214 221 416 260 303 477 207
447 225 445 394 208 205 246 277 467 426
310 312 351 432 477 234 396 491 436 224
361 316 304 361 246 264 404 423 475 416
328 311 440 297 483 333 445 272 495 300
370 372 221 341 492 461 429 302 464 295
344 477 345 453 404 266 464 365 209 250
240 425 202 398 393 441 455 382 270 426
392 457 250 240 340 472 414 253 414 375
431 212 411 392 219 253 475 237 486 269
441 337 261 340 451 294 314 242 484 493
481 248 406 325 474 294 283 464 314 359
229 402 248 392 470 420 272 480 304 374
380 464 363 488 267 453 491 331 241 233
383 220 448 408 213 313 408 356 443 223
264 204 277 461 489 292 428 406 366 303
472 464 376 224 450 293 219 257 404 394
455 334 387 420 266 440 200 470 257 268
495 270 343 238 291 429 334 346 409 429
485 364 464 254 450 386 300 291 439 245
226 431 478 377 335 402 205 442 224 209
402 459 270 422 355 297 284 332 433 366
350 493 408 338 268 470 345 294 311 454
491 454 264 418 352 467 215 390 255 377
290 493 430 284 359 264 334 459 390 423
261 294 347 488 227 402 286 400 240 437
332 314 416 495 222 416 219 275 478 210
465 394 472 383 252 379 290 248 449 478
266 331 288 434 411 389 455 412 256 265
342 447 318 230 322 401 302 455 461 383
498 447 249 486 297 403 289 245 215 289
273 227 467 359 236 359 425 412 451 362
435 268 387 272 465 403 217 490 222 348
498 259 344 431 324 220 444 277 498 352
332 351 466 306 429 339 411 428 207 296
465 457 302 470 302 309 490 201 260 319
432 350 324 323 484 428 248 307 421 231
207 312 394 418 302 247 462 460 367 469
268 432 471 226 430 246 340 202 498 247
354 302 345 459 415 323 249 498 485 288
381 405 333 304 468 220 472 220 339 438
214 438 292 214 372 414 402 271 393 471
275 302 422 341 321 324 368 446 468 455
466 350 456 243 350 298 333 269 442 433
395 218 472 262 475 428 389 327 471 325
312 390 272 288 260 465 483 394 435 458
338 224 228 313 347 436 251 432 448 423
314 231 259 212 493 278 499 406 419 377
311 427 316 230 490 200 222 416 214 409
200 339 439 491 295 328 432 370 251 460
207 438 314 307 429 471 298 423 398 230
487 399 403 445 333 394 372 398 400 205
409 373 209 492 460 446 291 379 301 353
208 441 211 443 386 423 366 251 463 268
341 359 483 399 266 430 229 497 388 454
438 263 321 243 299 444 321 473 476 261
418 457 420 301 285 499 368 330 228 351
201 430 247 207 459 434 255 212 294 487
465 319 363 452 392 461 371 222 322 492
358 457 464 302 499 254 210 441 327 377
203 352 479 351 401 415 495 222 368 388
328 362 446 291 463 297 286 392 412 426
438 373 452 372 249 351 249 229 446 482
428 325 369 496 242 318 265 483 491 323
397 323 239 310 483 216 406 438 352 422
330 406 201 231 230 445 294 403 357 463
432 217 451 379 248 285 321 433 345 407
309 243 371 429 245 477 278 476 328 497
250 471 248 490 493 378 403 257 334 230
332 437 372 469 320 385 224 373 412 468
470 336 447 450 301 471 353 313 346 250
326 492 422 304 274 230 224 425 459 282
360 411 309 280 278 460 486 218 286 420
354 463 396 224 464 473 238 311 453 337
426 424 387 450 225 484 348 265 294 298
241 259 309 360 434 480 203 472 213 431
487 393 345 226 464 389 250 243 488 443
478 399 236 319 384 247 470 409 434 396
459 354 451 217 490 382 430 272 397 246
499 276 478 376 423 200 423 208 353 390
307 418 308 281 438 489 364 374 210 454
208 461 493 220 416 235 450 379 309 339
491 455 352 260 311 255 415 388 421 339
425 388 285 455 241 472 424 385 252 256
203 485 493 270 314 273 454 390 394 479
486 460 336 310 445 461 229 251 310 274
363 459 236 426 320 267 463 442 230 333
459 497 237 315 267 253 253 368 468 438
395 209 496 254 387 494 205 442 467 218
469 470 277 329 416 350 415 318 214 250
338 385 216 398 492 459 453 482 235 347
425 382 471 209 488 201 249 281 280 402
274 294 376 467 230 462 446 390 344 413
233 456 200 472 432 217 383 296 452 298
414 466 294 231 312 450 364 327 476 374
486 243 467 391 419 212 427 366 234 394
365 427 477 241 323 269 231 213 451 420
294 303 239 342 255 337 411 418 485 429
393 358 224 383 451 409 478 254 454 242
363 213 402 210 279 474 297 347 442 406
336 387 445 211 201 453 481 209 348 494
290 490 336 243 295 473 419 319 232 426
325 344 449 372 365 324 470 405 345 407
408 445 232 437 262 258 366 481 270 281
250 375 411 364 468 223 340 481 364 402
362 288 231 347 423 491 458 358 413 318
326 368 301 382 450 283 499 448 419 330
440 316 301 339 353 255 401 498 265 439
308 471 474 340 338 230 472 464 252 347
292 388 223 452 300 401 211 490 377 445
338 456 335 471 485 291 201 364 454 395
363 205 253 331 446 488 344 467 273 460
346 360 496 456 450 318 312 258 326 414
338 440 471 281 429 389 452 360 256 352
349 411 320 219 456 323 464 440 321 334
234 374 212 274 419 498 484 386 427 201
263 422 297 239 338 454 260 486 279 474
408 347 332 297 461 446 263 380 320 483
422 424 281 384 481 353 295 392 454 370
342 397 381 310 485 374 463 207 413 410
392 375 465 385 412 323 286 474 319 485
343 320 407 268 342 258 400 434 471 203
231 474 346 417 434 330 255 210 350 407
376 455 201 340 330 259 422 223 431 407
494 454 321 343 298 396 485 393 470 395
367 315 203 341 470 320 361 437 406 407
489 470 248 212 442 244 304 415 208 359
277 405 239 333 252 490 279 373 494 423
410 254 368 492 211 362 396 495 426 260
218 358 271 493 287 427 350 217 491 439
442 279 402 428 373 385 379 442 320 250
374 350 416 470 343 215 472 367 219 403
306 229 440 409 374 345 421 296 271 450
469 404 332 352 475 458 344 260 360 332
479 219 320 280 325 204 450 406 252 488
351 432 463 454 264 241 240 227 451 330
380 426 280 345 448 477 203 497 346 323
469 397 342 480 245 246 278 465 453 200
205 271 418 444 450 457 275 376 332 323
471 464 462 460 205 322 297 318 393 339
486 258 272 322 452 408 397 305 302 415
303 474 496 451 310 233 210 437 304 322
451 289 476 405 404 299 272 320 265 397
267 230 334 407 236 465 448 294 299 416
218 497 412 204 303 467 294 419 289 360
282 394 490 495 214 393 477 297 448 333
395 359 289 466 420 316 240 490 464 219
363 318 406 213 204 429 275 432 345 430
461 243 431 299 396 277 257 444 228 450
421 457 472 329 396 282 423 230 203 389
425 446 231 202 462 376 374 467 383 387
488 349 359 259 462 442 401 349 281 227
473 488 212 243 453 217 209 362 484 383
288 235 389 448 448 448 255 461 261 393
430 252 469 220 425 277 223 269 228 486
334 337 247 247 411 478 477 483 322 371
466 283 449 496 309 398 275 314 396 499
405 435 357 437 215 291 247 246 285 454
211 416 279 377 421 312 304 401 227 411
222 438 314 445 438 280 381 459 273 226
302 425 284 261 331 234 430 437 419 329
493 314 201 466 249 488 419 397 255 287
433 363 432 330 349 269 443 276 376 440
403 336 211 292 434 341 293 411 490 221
405 402 370 368 261 319 354 399 404 451
380 305 436 451 429 258 254 413 305 265
208 491 234 220 427 307 287 405 476 219
217 215 344 253 311 489 209 468 445 459
448 416 334 353 206 345 385 435 490 289
308 404 265 436 358 492 259 410 383 277
205 392 275 261 280 405 425 487 426 221
480 322 340 406 429 367 274 254 226 480
374 307 221 449 362 357 203 447 443 491
447 248 425 372 277 283 235 453 458 360
409 302 226 362 446 480 399 240 278 437
394 287 408 370 281 224 463 370 445 487
391 421 203 370 251 420 447 279 440 246
361 467 336 411 474 317 306 487 338 232
294 314 433 498 229 212 402 354 330 447
258 458 370 428 286 492 220 396 316 483
341 406 440 432 381 366 354 240 279 465
223 310 364 469 348 497 374 458 235 485
295 424 478 226 427 315 263 249 358 435
208 447 221 363 432 290 381 239 441 419
323 282 308 494 443 452 216 440 364 210
465 292 363 435 230 312 234 434 311 429
422 321 339 468 297 495 236 261 459 314
438 354 403 279 305 475 239 413 281 280
263 259 286 202 235 314 433 427 446 476
251 311 249 419 471 446 490 327 306 364
343 489 468 308 450 321 360 442 327 353
267 293 409 342 436 335 349 437 413 338
258 203 423 460 209 354 269 471 226 443
404 365 339 461 390 240 463 254 352 479
277 277 497 401 290 412 275 380 212 485
489 382 375 461 427 243 230 373 456 337
257 491 425 255 434 200 378 241 245 419
299 438 312 439 327 272 414 302 303 474
411 319 349 297 320 445 454 416 246 265
245 280 328 321 212 411 266 473 439 461
317 358 205 204 237 478 466 443 476 247
396 236 301 405 442 471 383 385 381 447
339 276 422 211 254 459 348 384 431 477
258 219 404 465 441 392 392 426 334 370
337 446 493 347 458 214 240 405 233 365
296 231 407 325 466 461 251 445 324 217
234 248 231 433 498 342 387 436 433 347
317 269 441 287 372 427 368 497 294 412
395 380 479 482 327 230 250 423 431 331
314 306 244 398 252 405 203 431 407 483
293 242 493 420 264 495 346 330 361 493
443 439 344 488 335 255 483 333 363 276
440 238 453 259 201 452 468 286 307 330
325 270 498 379 368 243 225 401 469 495
323 217 491 495 285 335 411 284 275 421
438 232 218 393 441 497 212 374 302 480
355 470 445 422 242 361 415 318 387 260
315 343 406 484 446 355 269 465 207 290
414 233 244 498 281 404 317 257 467 371
457 260 221 249 455 389 339 436 286 464
430 492 453 454 394 256 373 205 324 296
351 379 466 347 414 200 425 415 302 398
423 332 250 413 239 340 248 353 465 407
378 244 342 221 498 226 490 424 320 434
257 251 367 272 458 240 483 483 476 374
380 472 379 243 476 322 429 229 296 449
284 286 257 201 469 494 393 497 499 222
405 316 441 200 268 290 383 433 334 417
324 215 435 344 399 288 443 232 455 497
216 316 389 311 425 437 415 412 341 252
451 319 485 284 457 421 298 291 280 344
440 479 250 429 371 467 212 322 318 335
489 236 301 274 217 494 360 452 211 442
245 455 385 322 400 448 238 325 383 403
332 237 328 343 486 480 229 454 212 493
298 349 216 322 457 436 449 353 457 371
476 493 239 462 321 350 359 207 428 322
321 268 432 432 445 211 288 437 266 208
338 446 201 251 281 377 292 409 428 421
331 287 478 222 423 293 280 371 407 470
227 276 485 427 295 336 292 368 457 428
422 406 383 273 323 314 364 410 417 385
280 347 254 477 472 354 377 418 337 439
368 413 284 393 274 315 388 430 419 400
423 221 400 499 335 480 326 300 371 373
362 246 246 287 307 413 415 475 359 497
347 273 340 489 408 442 312 432 243 226
354 485 288 380 385 316 413 397 427 440
499 410 287 307 447 269 264 208 315 419
342 365 423 344 339 302 439 250 421 485
452 307 357 237 470 398 247 404 426 387
478 282 391 428 357 426 366 375 465 237
307 297 403 385 404 335 496 237 461 285
455 210 490 239 369 205 472 217 261 466
317 457 488 406 386 254 339 364 200 467
256 313 288 418 438 231 399 449 459 322
205 233 350 451 242 422 431 357 460 357
283 421 312 348 431 497 388 376 314 480
463 474 289 414 277 225 318 214 376 451
306 342 267 499 429 393 478 484 364 344
481 496 315 439 341 229 441 304 324 257
493 384 392 309 202 258 454 433 325 449
344 403 395 441 208 259 231 260 474 436
382 329 286 280 272 438 409 434 237 407
410 485 305 218 432 356 499 325 231 332
310 404 409 353 339 468 320 308 488 271
216 341 237 227 496 324 415 480 275 463
414 497 221 240 208 230 344 498 407 316
377 400 466 300 356 349 405 428 396 254
448 254 322 410 324 386 343 458 214 413
363 408 219 207 428 225 423 403 236 367
375 436 475 304 353 390 294 492 460 379
390 402 387 377 326 347 444 460 350 436
442 411 272 235 286 334 472 430 397 378
442 358 399 400 386 309 403 473 304 392
237 206 410 374 357 299 498 474 337 414
220 431 432 495 297 330 383 330 410 204
416 233 484 237 286 433 372 436 399 227
367 471 391 416 456 391 407 290 258 348
208 232 471 441 345 355 417 319 469 290
463 407 487 382 200 365 429 354 366 288
434 224 265 458 257 202 369 210 436 472
246 326 439 344 388 385 413 394 455 489
247 374 244 447 491 289 467 414 258 242
411 249 352 398 411 250 240 266 425 467
413 211 332 245 363 433 411 204 281 429
364 426 284 341 324 250 436 493 244 443
442 402 281 318 231 300 309 407 496 312
204 496 456 274 484 258 379 286 216 494
456 362 321 487 210 405 375 281 338 431
386 206 305 278 221 427 473 386 469 414
223 412 301 452 239 280 456 367 256 420
460 349 274 366 482 477 285 391 444 338
422 282 228 329 210 285 478 410 360 456
281 318 344 414 266 494 424 273 240 440
357 277 327 236 467 495 334 486 208 470
455 488 383 443 263 251 425 298 249 266
345 450 382 253 427 486 270 228 493 291
282 239 418 217 373 429 356 460 336 438
282 293 498 290 208 350 379 450 450 439
216 276 432 481 226 316 334 338 403 486
434 339 299 369 451 209 423 401 390 391
296 296 444 498 458 293 273 323 284 492
288 202 336 297 255 408 299 482 485 496
397 312 467 273 389 293 471 454 437 238
283 389 457 478 264 283 390 224 447 496
329 487 367 256 452 215 422 235 425 243
281 382 464 464 202 470 491 250 223 205
350 497 306 302 402 293 343 412 320 410
351 472 255 461 331 477 309 480 248 382
329 328 390 346 224 455 324 446 466 492
311 429 447 456 217 209 456 355 384 286
326 331 407 455 243 428 370 285 324 437
383 364 296 377 445 240 309 496 418 440
488 314 217 374 427 489 388 224 325 492
311 369 472 258 464 317 374 431 306 482
286 405 444 340 371 223 218 457 437 241
220 332 408 395 429 469 497 236 227 237
292 239 299 475 341 491 433 276 299 478
257 312 266 294 441 387 496 322 478 454
467 459 413 378 316 460 208 256 210 232
317 436 448 375 380 492 292 382 342 414
283 252 219 359 493 499 499 389 482 233
308 313 499 249 222 493 422 253 440 330
449 300 401 370 219 431 418 272 287 296
385 397 275 388 442 408 320 436 203 415
311 343 433 335 229 322 497 374 442 424
478 370 440 233 234 445 328 255 386 420
266 312 447 292 347 486 407 428 356 263
240 296 422 372 206 462 497 459 279 215
218 459 203 457 279 296 252 460 498 261
246 306 228 341 461 489 312 406 258 438
268 209 457 421 464 439 306 225 275 271
492 359 367 419 277 260 290 292 420 452
410 452 440 247 459 343 392 332 311 386
393 323 285 463 451 484 265 430 346 296
244 246 419 390 405 341 461 247 434 336
238 480 491 325 473 263 212 379 243 460
471 383 339 493 317 334 339 462 460 391
401 278 323 374 377 238 412 319 416 461
477 472 281 254 347 433 317 459 252 240
262 274 241 400 364 411 457 447 380 326
377 399 423 360 410 376 489 488 327 386
418 497 456 267 344 255 368 248 485 204
341 374 360 304 447 452 351 483 239 488
369 428 202 278 376 233 403 418 356 485
382 316 289 277 444 499 357 273 481 477
308 488 495 303 364 316 266 459 437 372
418 213 394 432 339 354 469 289 422 216
337 421 389 266 454 419 466 260 332 200
488 398 250 472 281 372 417 337 454 200
432 246 419 389 362 221 384 409 312 412
218 202 414 362 282 240 212 431 445 441
393 414 381 261 426 282 297 218 474 469
366 253 299 404 387 422 488 406 399 245
468 207 464 331 250 491 493 354 371 381
259 462 307 419 295 277 458 395 269 428
473 292 386 396 401 458 324 440 329 357
237 449 295 493 243 394 491 219 411 370
202 252 405 407 297 431 222 287 205 434
458 206 324 250 349 492 377 221 407 443
365 317 433 259 234 458 434 475 250 238
405 343 283 209 497 208 493 468 256 210
215 209 452 466 262 404 420 293 257 344
366 219 236 288 443 257 487 293 467 469
400 236 279 329 234 257 456 270 438 423
393 462 383 406 437 270 239 465 313 207
421 302 497 275 434 218 223 299 432 272
325 282 279 356 483 468 308 253 458 419
470 334 374 348 466 387 454 419 316 228
413 264 292 464 355 443 499 307 262 393
379 448 445 466 345 300 314 335 425 364
239 415 247 208 241 268 426 225 445 424
453 354 219 496 444 363 348 430 208 325
428 359 495 213 425 277 421 381 262 323
399 422 454 406 359 276 286 344 232 498
337 429 382 231 326 458 462 381 397 446
470 224 493 302 250 493 326 309 331 471
260 218 472 318 442 421 370 273 333 484
313 410 307 455 250 469 205 426 226 341
239 487 470 347 475 231 276 422 204 206
251 430 236 364 318 497 368 491 235 446
485 210 305 337 496 371 254 489 487 339
460 245 321 306 332 441 253 406 474 230
425 451 239 317 303 475 234 338 411 305
232 366 441 229 491 324 326 459 236 494
220 294 477 424 376 221 426 446 328 206
336 459 419 406 253 301 358 269 421 274
372 474 201 392 468 403 323 387 321 442
288 240 437 392 429 488 360 372 201 466
444 469 352 448 455 344 397 388 224 339
285 295 385 306 458 397 425 394 458 434
456 476 283 221 319 315 409 387 438 229
306 209 482 302 384 495 492 315 450 363
256 387 388 492 377 499 373 243 443 423
490 274 328 380 222 461 472 263 404 275
319 465 493 442 243 406 221 233 350 286
266 220 467 273 494 219 287 459 212 402
470 314 404 366 438 372 225 263 413 357
367 353 429 427 290 222 426 219 426 226
278 282 298 236 389 450 363 476 486 495
239 238 358 276 499 220 248 438 474 477
370 461 354 267 385 260 456 410 358 412
280 305 337 239 375 438 483 480 203 489
468 258 491 305 430 375 491 399 266 297
482 493 426 430 371 303 287 389 247 327
247 447 323 435 217 364 389 276 447 499
445 490 442 497 373 374 374 356 200 315
462 293 399 450 414 376 246 373 384 484
247 406 448 320 451 272 236 344 362 460
372 302 387 416 376 352 217 432 484 483
461 445 242 477 493 372 355 297 240 231
423 214 221 335 349 437 227 471 384 486
449 251 260 445 411 271 385 481 291 338
252 439 352 453 331 453 408 319 240 223
393 243 336 403 297 425 413 260 438 313
312 424 326 360 375 285 449 440 468 382
267 428 279 279 465 205 497 369 337 417
232 256 481 313 221 201 401 245 410 433
204 298 221 431 421 484 468 284 287 396
387 451 362 416 268 292 344 493 423 237
466 424 459 329 350 468 225 214 229 313
328 353 359 426 456 270 437 236 444 283
466 211 438 288 357 469 336 446 299 277
212 357 454 328 294 441 435 492 229 287
402 395 293 229 496 327 204 457 441 215
464 206 314 409 262 280 270 203 474 489
468 290 360 323 458 293 211 307 467 452
446 203 314 360 253 402 222 451 366 425
436 331 487 430 348 200 275 456 302 375
409 480 365 229 441 286 467 278 266 294
276 480 478 473 387 343 482 269 275 222
290 463 443 262 316 434 231 249 380 402
447 278 229 411 468 346 266 275 427 325
383 484 453 447 280 451 266 271 208 269
217 334 476 406 367 270 366 423 296 453
213 424 248 314 448 426 435 355 368 291
377 328 225 298 496 251 440 402 488 335
236 268 249 310 227 450 412 444 413 274
362 487 350 474 286 453 318 487 357 221
354 356 287 403 225 386 487 463 385 491
301 417 395 440 471 229 327 202 427 319
498 252 294 236 435 471 414 346 271 220
410 253 304 453 333 481 213 374 459 292
340 434 410 300 285 309 276 491 217 448
411 446 420 236 339 200 391 289 413 220
233 221 423 411 413 340 355 419 235 365
361 223 435 443 299 307 243 478 442 216
480 252 316 359 312 473 460 257 460 339
227 463 450 238 241 212 413 322 394 422
438 256 374 480 275 460 349 441 365 384
248 227 303 473 272 492 219 480 210 436
263 406 442 393 302 329 465 222 382 463
224 411 462 203 269 325 471 387 466 345
410 390 231 485 497 327 289 309 232 444
341 200 426 255 451 275 428 219 428 313
284 471 488 277 317 355 484 480 316 386
499 222 240 452 222 473 252 422 327 302
291 207 224 387 420 235 207 426 445 411
391 243 421 247 434 208 496 317 404 249
286 426 416 391 445 398 265 353 327 471
300 210 416 304 473 449 461 223 246 270
343 430 426 293 370 211 468 466 204 231
315 352 382 466 491 265 440 315 432 398
225 493 408 270 349 302 466 200 238 460
400 482 223 355 247 258 499 207 244 451
356 407 433 468 438 275 235 305 292 210
302 467 475 226 443 235 371 274 265 468
354 388 276 324 497 341 461 479 475 274
435 404 262 399 388 302 290 285 409 466
451 260 454 398 434 469 308 396 323 280
202 386 460 212 297 480 452 380 284 467
389 253 456 422 239 268 440 492 218 251
445 291 489 498 415 302 316 287 226 237
462 318 374 388 452 207 423 239 382 453
211 417 273 234 228 344 455 447 447 399
215 446 219 296 427 406 237 293 372 493
230 295 331 481 273 460 490 496 384 219
345 403 403 379 496 441 247 397 382 320
459 415 367 271 444 393 243 221 247 470
337 235 400 477 438 229 404 309 385 252
494 265 455 495 482 203 377 254 311 231
315 404 453 459 244 460 371 325 213 204
365 221 322 421 326 425 263 441 457 343
405 219 410 480 230 295 310 421 290 367
330 449 347 334 202 426 453 315 430 210
285 339 255 344 412 207 419 418 341 438
303 305 234 460 305 221 458 494 491 397
383 363 334 484 499 321 231 443 408 233
261 353 448 469 291 323 271 409 277 418
438 281 461 432 395 245 481 367 213 399
436 377 224 392 468 280 291 496 416 218
210 252 433 461 459 263 235 492 386 384
201 450 445 481 479 370 395 240 339 258
218 432 245 421 412 384 280 468 398 241
415 411 495 224 202 325 267 211 487 212
458 274 274 270 361 485 429 349 393 449
456 446 265 331 224 457 300 337 450 377
468 415 289 241 401 282 269 479 368 249
443 457 470 293 254 359 309 230 269 490
420 401 400 424 292 289 399 279 205 360
325 415 488 316 311 204 243 488 432 380
498 443 308 437 358 358 312 332 456 231
340 307 314 279 288 432 258 417 410 428
305 245 394 472 232 408 476 400 200 309
225 485 427 283 278 440 496 225 231 322
210 334 328 402 402 409 200 379 257 465
337 428 385 422 291 425 432 241 291 259
339 393 444 488 491 369 259 490 270 334
418 326 237 423 294 495 474 290 345 246
453 350 261 497 361 464 395 294 350 471
276 215 450 239 444 221 310 452 200 445
288 216 420 236 453 375 246 328 448 477
316 411 348 433 354 474 309 206 244 431
453 460 264 334 435 321 261 351 489 206
335 408 447 377 231 489 256 352 270 471
360 391 478 423 246 202 457 346 296 401
226 456 268 470 371 273 456 267 455 327
227 480 222 464 345 307 498 433 280 249
427 256 411 310 413 264 479 363 297 288
356 418 441 467 423 246 298 256 327 322
414 450 463 387 344 366 206 347 417 357
340 273 236 496 498 339 344 351 497 453
431 409 227 210 221 352 459 328 213 436
266 407 345 305 431 438 345 455 241 376
300 350 305 462 311 279 378 498 443 479
215 228 370 438 288 427 338 474 253 478
231 293 297 430 415 238 342 419 466 240
498 390 207 434 207 234 296 406 267 422
310 216 486 240 373 453 282 441 348 439
445 378 347 385 265 456 368 318 463 478
393 470 495 247 325 370 226 461 484 218
415 404 223 411 488 375 370 250 265 355
209 451 218 365 264 415 426 276 439 386
431 356 207 286 461 339 244 372 470 460
237 308 281 432 321 352 441 421 323 478
289 495 229 329 377 481 475 332 435 212
217 410 272 427 319 410 364 424 347 332
357 208 351 400 485 474 419 352 225 282
244 272 275 380 425 470 437 319 273 407
441 246 372 314 395 436 361 405 215 408
207 438 496 438 384 308 394 255 363 445
201 225 402 319 437 242 411 437 258 252
417 388 286 344 386 448 489 270 412 356
326 461 411 370 440 296 288 279 338 487
285 468 494 428 373 300 321 327 200 421
406 444 403 375 391 348 371 446 248 374
244 390 473 336 281 218 442 407 496 239
495 339 458 294 380 316 315 426 272 453
338 376 281 415 486 246 243 447 233 488
413 396 420 215 401 482 233 234 295 280
297 416 390 431 242 246 364 439 494 271
303 366 467 453 285 412 244 285 417 386
359 258 375 424 482 215 364 489 232 453
498 291 257 462 220 225 402 283 275 437
254 439 461 411 339 248 410 361 264 277
328 284 299 486 301 491 455 442 228 222
238 435 497 231 369 450 381 361 499 213
463 397 279 252 490 290 431 256 380 458
268 435 220 421 318 238 367 455 446 396
294 238 267 272 267 403 439 485 482 260
201 425 486 418 283 377 267 302 497 365
446 290 208 433 480 311 230 272 461 312
274 468 298 215 259 297 449 471 207 453
324 244 425 460 291 224 337 480 270 433
228 227 361 428 334 408 455 339 466 331
229 317 348 413 442 498 355 440 242 289
317 434 379 397 464 373 441 306 471 256
336 265 493 377 313 445 394 464 497 323
353 496 336 448 257 294 209 496 411 203
432 446 248 225 217 232 217 406 480 322
377 446 411 270 282 331 449 495 307 211
338 478 423 313 424 381 291 281 273 450
474 453 369 475 255 302 260 306 428 364
442 320 442 274 379 423 426 287 294 267
362 366 480 479 441 324 320 274 409 377
458 249 242 220 326 464 497 256 337 478
405 319 297 397 498 215 419 470 278 281
431 204 293 398 293 298 497 449 417 326
497 361 312 440 357 444 202 387 490 329
401 371 431 329 288 400 476 244 305 287
377 202 474 443 360 477 284 314 356 443
478 391 396 405 304 444 361 491 312 304
433 344 484 200 338 421 292 427 298 269
407 408 332 431 297 307 466 299 326 349
318 404 280 269 460 281 320 461 265 435
245 460 357 427 259 366 321 448 463 254
419 270 238 417 347 476 369 483 351 258
412 342 359 443 454 331 365 364 336 401
366 425 350 381 379 488 323 469 428 370
463 444 394 249 418 469 207 269 314 395
406 386 486 211 335 468 376 421 240 232
340 390 351 480 464 295 237 380 485 401
305 478 487 413 375 207 489 376 313 272
454 224 473 428 431 380 376 362 244 286
346 488 470 335 421 405 330 205 288 232
308 480 455 432 365 343 491 316 250 231
477 466 283 222 282 347 441 278 289 432
405 432 448 285 418 254 296 337 280 269
297 454 398 240 385 327 365 469 497 433
498 205 299 252 463 489 277 349 279 444
438 438 431 349 330 300 202 390 234 441
432 242 393 230 429 203 335 403 296 453
388 396 436 210 324 471 274 412 261 424
387 309 305 428 404 352 447 394 489 303
305 468 424 235 263 371 496 454 275 333
280 412 367 443 491 294 479 208 377 393
453 246 429 393 251 442 408 257 337 307
383 214 373 381 457 357 451 332 443 425
372 313 351 375 496 462 223 417 403 304
416 411 280 401 336 227 244 219 439 230
446 271 307 205 484 289 396 418 298 453
463 340 271 264 402 473 344 343 374 494
359 286 466 417 415 231 332 247 409 351
333 306 381 432 249 383 472 405 492 283
398 207 423 405 493 218 363 448 385 348
484 327 344 369 441 302 439 265 345 419
373 461 443 322 201 396 353 458 411 362
233 452 460 348 394 469 326 407 303 364
478 292 326 463 219 410 396 255 447 299
468 259 203 469 379 316 376 230 415 462
402 443 219 431 315 209 405 346 201 356
261 338 413 323 355 351 316 405 454 435
446 406 372 456 434 363 223 310 301 339
378 442 307 408 468 420 335 319 248 282
484 296 203 437 402 287 341 452 295 220
498 227 230 202 373 419 370 425 303 453
461 227 303 475 279 365 470 230 440 393
497 451 436 278 290 480 335 207 276 353
475 420 240 334 420 203 376 450 346 229
248 297 481 482 201 228 475 458 356 310
363 247 434 215 328 211 466 460 467 216
428 328 340 322 200 461 307 491 459 394
435 207 255 212 214 203 418 383 408 433
491 339 476 234 418 415 262 276 215 232
203 423 212 403 383 358 256 372 405 484
202 406 412 494 463 321 352 362 369 221
368 442 246 419 374 438 447 352 371 281
360 476 237 356 396 399 398 479 485 460
273 497 228 282 491 333 401 291 484 257
215 354 385 284 439 431 486 238 206 449
381 458 246 431 309 288 391 407 474 321
479 490 344 378 304 453 284 319 498 229
277 320 219 312 366 358 414 464 438 474
286 314 487 406 218 420 320 295 422 230
258 432 397 315 371 430 474 385 497 354
491 272 299 435 224 359 431 335 277 402
285 220 216 321 213 442 454 395 471 457
338 267 318 279 449 380 402 449 402 348
321 307 386 415 439 345 453 363 431 373
460 354 234 472 201 336 439 390 476 355
428 318 284 415 273 443 281 248 291 457
474 400 244 349 326 264 217 452 231 453
378 301 233 357 451 465 401 489 306 363
369 452 254 281 400 280 336 495 468 227
392 206 438 273 498 393 499 319 211 451
435 492 218 203 350 318 495 274 465 344
458 328 293 351 446 369 496 341 395 412
337 478 410 469 396 236 332 429 338 206
247 293 465 394 474 250 414 265 311 477
377 422 222 335 424 385 384 486 472 396
262 295 339 233 412 420 398 491 267 472
394 427 468 404 295 345 230 363 219 424
288 236 231 307 409 354 310 418 445 462
299 495 479 234 284 221 438 478 364 275
436 299 348 326 299 451 353 456 401 313
341 298 276 386 444 256 434 427 490 214
228 416 264 486 271 308 297 458 216 424
335 403 274 487 407 249 460 214 324 300
431 259 479 449 220 473 213 305 283 339
450 346 231 465 422 466 288 260 285 361
423 367 302 497 450 232 386 393 342 460
447 201 264 430 495 387 217 470 362 321
447 273 268 431 433 259 323 232 319 431
417 248 309 487 326 379 492 248 485 270
281 280 441 389 439 482 460 278 346 328
211 200 450 216 362 494 485 460 377 383
395 431 284 444 484 479 352 358 256 275
409 240 211 312 299 237 306 488 403 490
465 438 384 480 282 264 371 258 450 369
355 265 336 327 455 487 324 490 314 422
207 442 327 313 478 375 483 376 302 457
495 483 352 300 308 277 477 275 292 411
200 464 442 273 491 285 343 316 424 354
412 364 229 493 436 290 222 256 380 485
353 221 313 395 265 401 461 438 252 425
228 319 270 413 457 365 263 430 346 403
425 402 270 278 479 353 312 381 244 435
204 465 425 247 219 411 345 445 379 394
238 313 438 413 461 309 227 329 373 481
336 374 433 221 207 453 399 271 421 465
284 470 478 204 453 232 338 334 487 218
280 444 417 417 445 231 313 324 338 334
440 344 423 357 469 245 257 277 298 425
304 481 472 343 255 428 281 469 227 346
498 225 427 497 330 323 207 201 322 491
381 430 268 284 320 478 346 457 453 283
462 400 366 206 328 275 321 387 401 438
438 393 232 403 421 378 295 337 287 410
342 412 495 384 282 412 389 435 325 203
337 303 425 222 475 416 324 302 397 444
484 220 455 415 370 248 383 397 418 217
319 337 315 466 426 361 303 373 436 407
417 219 288 497 230 271 433 391 346 427
434 363 404 241 424 411 378 386 222 215
428 211 239 242 468 418 296 429 365 332
291 431 340 267 498 334 408 406 224 360
332 431 331 202 450 417 400 348 226 220
233 231 203 400 488 301 459 320 412 342
470 215 341 369 475 345 315 392 449 439
397 490 419 452 328 283 263 328 393 491
279 239 268 252 475 344 479 499 461 333
459 314 260 372 444 258 456 293 406 202
292 313 407 445 316 413 216 300 430 390
456 472 296 205 413 347 307 278 409 380
401 430 417 216 426 235 271 367 340 334
372 443 226 391 482 499 315 252 370 438
359 272 476 243 445 387 215 293 468 408
479 487 387 423 255 419 305 348 264 252
365 485 243 282 393 484 289 414 331 419
233 485 302 442 352 392 277 481 461 308
455 398 492 220 315 308 455 439 323 364
419 433 379 475 455 310 289 201 257 341
280 310 470 420 362 329 482 339 209 439
435 431 478 399 240 354 258 311 441 379
402 449 370 337 494 238 326 339 422 203
451 374 485 406 319 357 297 312 431 381
306 246 312 261 473 438 398 494 452 218
415 459 363 261 337 267 217 378 492 408
266 345 488 317 380 496 411 307 286 441
286 339 472 325 451 480 390 409 362 248
388 303 401 475 280 376 328 403 451 355
418 380 399 216 299 210 453 410 467 321
456 464 439 462 264 356 302 201 350 365
457 359 442 354 420 226 369 435 254 333
349 403 270 225 480 303 351 438 380 412
256 477 484 273 329 203 404 376 262 437
218 378 476 465 268 484 327 348 318 432
364 428 228 309 486 415 304 344 347 432
418 423 244 356 303 483 365 481 241 347
489 267 438 444 342 433 207 348 243 393
493 354 438 498 466 309 224 253 370 272
218 351 246 368 408 455 487 248 421 333
377 426 425 468 222 496 380 369 246 382
249 206 333 475 461 381 299 425 492 365
317 299 447 459 269 331 484 316 417 277
475 212 481 436 303 271 324 496 285 354
209 381 481 451 201 466 204 230 300 447
317 230 469 204 468 424 313 402 239 390
357 220 423 322 268 292 449 425 371 428
417 285 435 436 366 226 364 238 325 499
307 487 399 423 395 394 480 388 477 259
352 363 449 443 337 384 459 203 453 386
431 470 442 274 249 371 249 273 243 422
251 370 328 423 478 485 245 417 267 306
325 344 406 241 451 347 242 452 429 238
381 300 459 332 479 264 404 408 336 292
293 276 458 308 230 244 454 358 480 414
431 369 226 252 428 369 441 358 436 234
233 473 379 362 387 310 485 378 462 427
322 335 484 385 365 492 359 268 406 448
427 399 318 267 448 293 420 335 311 415
202 222 285 402 414 387 205 401 295 457
319 489 428 246 218 282 404 235 411 342
305 405 220 262 292 431 420 358 420 337
343 459 260 406 415 338 453 381 207 294
266 491 495 221 332 271 336 428 210 421
374 458 362 462 260 271 437 447 275 341
259 276 381 241 242 426 495 280 406 456
430 376 483 276 280 480 452 397 218 206
420 352 414 240 448 439 397 233 303 337
335 472 389 250 437 467 372 480 287 339
